% time	cellId	IMSI	RNTI	rsrp	sinr	ComponentCarrierId
0.000214285	1	1	0	0.00333333	7.02728e+12	0
0.000214285	1	2	0	0.00333333	7.02728e+12	0
0.000214285	1	3	0	0.00333333	7.02728e+12	0
0.00121429	1	1	0	0.00333333	7.02728e+12	0
0.00121429	1	2	0	0.00333333	7.02728e+12	0
0.00121429	1	3	0	0.00333333	7.02728e+12	0
0.00221428	1	1	0	0.00333333	7.02728e+12	0
0.00221428	1	2	0	0.00333333	7.02728e+12	0
0.00221428	1	3	0	0.00333333	7.02728e+12	0
0.00321428	1	1	0	0.00333333	7.02728e+12	0
0.00321428	1	2	0	0.00333333	7.02728e+12	0
0.00321428	1	3	0	0.00333333	7.02728e+12	0
0.00421428	1	1	0	0.00333333	7.02728e+12	0
0.00421428	1	2	0	0.00333333	7.02728e+12	0
0.00421428	1	3	0	0.00333333	7.02728e+12	0
0.00521428	1	1	0	0.00333333	7.02728e+12	0
0.00521428	1	2	0	0.00333333	7.02728e+12	0
0.00521428	1	3	0	0.00333333	7.02728e+12	0
0.00621428	1	1	0	0.00333333	7.02728e+12	0
0.00621428	1	2	0	0.00333333	7.02728e+12	0
0.00621428	1	3	0	0.00333333	7.02728e+12	0
0.00721428	1	1	0	0.00333333	7.02728e+12	0
0.00721428	1	2	0	0.00333333	7.02728e+12	0
0.00721428	1	3	0	0.00333333	7.02728e+12	0
0.00821428	1	1	0	0.00333333	7.02728e+12	0
0.00821428	1	2	0	0.00333333	7.02728e+12	0
0.00821428	1	3	0	0.00333333	7.02728e+12	0
0.00921428	1	1	0	0.00333333	7.02728e+12	0
0.00921428	1	2	0	0.00333333	7.02728e+12	0
0.00921428	1	3	0	0.00333333	7.02728e+12	0
0.0102143	1	1	0	0.00333333	7.02728e+12	0
0.0102143	1	2	0	0.00333333	7.02728e+12	0
0.0102143	1	3	0	0.00333333	7.02728e+12	0
0.0112143	1	1	0	0.00333333	7.02728e+12	0
0.0112143	1	2	0	0.00333333	7.02728e+12	0
0.0112143	1	3	0	0.00333333	7.02728e+12	0
0.0122143	1	1	0	0.00333333	7.02728e+12	0
0.0122143	1	2	0	0.00333333	7.02728e+12	0
0.0122143	1	3	0	0.00333333	7.02728e+12	0
0.0132143	1	1	0	0.00333333	7.02728e+12	0
0.0132143	1	2	0	0.00333333	7.02728e+12	0
0.0132143	1	3	0	0.00333333	7.02728e+12	0
0.0142143	1	1	0	0.00333333	7.02728e+12	0
0.0142143	1	2	0	0.00333333	7.02728e+12	0
0.0142143	1	3	0	0.00333333	7.02728e+12	0
0.0152143	1	1	0	0.00333333	7.02728e+12	0
0.0152143	1	2	0	0.00333333	7.02728e+12	0
0.0152143	1	3	0	0.00333333	7.02728e+12	0
0.0162143	1	1	0	0.00333333	7.02728e+12	0
0.0162143	1	2	0	0.00333333	7.02728e+12	0
0.0162143	1	3	0	0.00333333	7.02728e+12	0
0.0172143	1	1	0	0.00333333	7.02728e+12	0
0.0172143	1	2	0	0.00333333	7.02728e+12	0
0.0172143	1	3	0	0.00333333	7.02728e+12	0
0.0182143	1	1	0	0.00333333	7.02728e+12	0
0.0182143	1	2	0	0.00333333	7.02728e+12	0
0.0182143	1	3	0	0.00333333	7.02728e+12	0
0.0192143	1	1	0	0.00333333	7.02728e+12	0
0.0192143	1	2	0	0.00333333	7.02728e+12	0
0.0192143	1	3	0	0.00333333	7.02728e+12	0
0.0202143	1	1	0	0.00333333	7.02728e+12	0
0.0202143	1	2	0	0.00333333	7.02728e+12	0
0.0202143	1	3	0	0.00333333	7.02728e+12	0
0.0212143	1	1	3	0.00333333	7.02728e+12	0
0.0212143	1	2	1	0.00333333	7.02728e+12	0
0.0212143	1	3	2	0.00333333	7.02728e+12	0
0.0212143	2	2	1	0.00333333	7.02728e+12	1
0.0212143	2	3	2	0.00333333	7.02728e+12	1
0.0212143	2	1	3	0.00333333	7.02728e+12	1
0.0212143	3	2	1	0.00333333	7.02728e+12	2
0.0212143	3	3	2	0.00333333	7.02728e+12	2
0.0212143	3	1	3	0.00333333	7.02728e+12	2
0.0222143	1	1	3	0.00333333	7.02728e+12	0
0.0222143	1	2	1	0.00333333	7.02728e+12	0
0.0222143	1	3	2	0.00333333	7.02728e+12	0
0.0222143	2	2	1	0.00333333	7.02728e+12	1
0.0222143	2	3	2	0.00333333	7.02728e+12	1
0.0222143	2	1	3	0.00333333	7.02728e+12	1
0.0222143	3	2	1	0.00333333	7.02728e+12	2
0.0222143	3	3	2	0.00333333	7.02728e+12	2
0.0222143	3	1	3	0.00333333	7.02728e+12	2
0.0232143	1	1	3	0.00333333	7.02728e+12	0
0.0232143	1	2	1	0.00333333	7.02728e+12	0
0.0232143	1	3	2	0.00333333	7.02728e+12	0
0.0232143	2	2	1	0.00333333	7.02728e+12	1
0.0232143	2	3	2	0.00333333	7.02728e+12	1
0.0232143	2	1	3	0.00333333	7.02728e+12	1
0.0232143	3	2	1	0.00333333	7.02728e+12	2
0.0232143	3	3	2	0.00333333	7.02728e+12	2
0.0232143	3	1	3	0.00333333	7.02728e+12	2
0.0242143	1	1	3	0.00333333	7.02728e+12	0
0.0242143	1	2	1	0.00333333	7.02728e+12	0
0.0242143	1	3	2	0.00333333	7.02728e+12	0
0.0242143	2	2	1	0.00333333	7.02728e+12	1
0.0242143	2	3	2	0.00333333	7.02728e+12	1
0.0242143	2	1	3	0.00333333	7.02728e+12	1
0.0242143	3	2	1	0.00333333	7.02728e+12	2
0.0242143	3	3	2	0.00333333	7.02728e+12	2
0.0242143	3	1	3	0.00333333	7.02728e+12	2
0.0252143	1	1	3	0.00333333	7.02728e+12	0
0.0252143	1	2	1	0.00333333	7.02728e+12	0
0.0252143	1	3	2	0.00333333	7.02728e+12	0
0.0252143	2	2	1	0.00333333	7.02728e+12	1
0.0252143	2	3	2	0.00333333	7.02728e+12	1
0.0252143	2	1	3	0.00333333	7.02728e+12	1
0.0252143	3	2	1	0.00333333	7.02728e+12	2
0.0252143	3	3	2	0.00333333	7.02728e+12	2
0.0252143	3	1	3	0.00333333	7.02728e+12	2
0.0262143	1	1	3	0.00333333	7.02728e+12	0
0.0262143	1	2	1	0.00333333	7.02728e+12	0
0.0262143	1	3	2	0.00333333	7.02728e+12	0
0.0262143	2	2	1	0.00333333	7.02728e+12	1
0.0262143	2	3	2	0.00333333	7.02728e+12	1
0.0262143	2	1	3	0.00333333	7.02728e+12	1
0.0262143	3	2	1	0.00333333	7.02728e+12	2
0.0262143	3	3	2	0.00333333	7.02728e+12	2
0.0262143	3	1	3	0.00333333	7.02728e+12	2
0.0272143	1	1	3	0.00333333	7.02728e+12	0
0.0272143	1	2	1	0.00333333	7.02728e+12	0
0.0272143	1	3	2	0.00333333	7.02728e+12	0
0.0272143	2	2	1	0.00333333	7.02728e+12	1
0.0272143	2	3	2	0.00333333	7.02728e+12	1
0.0272143	2	1	3	0.00333333	7.02728e+12	1
0.0272143	3	2	1	0.00333333	7.02728e+12	2
0.0272143	3	3	2	0.00333333	7.02728e+12	2
0.0272143	3	1	3	0.00333333	7.02728e+12	2
0.0282143	1	1	3	0.00333333	7.02728e+12	0
0.0282143	1	2	1	0.00333333	7.02728e+12	0
0.0282143	1	3	2	0.00333333	7.02728e+12	0
0.0282143	2	2	1	0.00333333	7.02728e+12	1
0.0282143	2	3	2	0.00333333	7.02728e+12	1
0.0282143	2	1	3	0.00333333	7.02728e+12	1
0.0282143	3	2	1	0.00333333	7.02728e+12	2
0.0282143	3	3	2	0.00333333	7.02728e+12	2
0.0282143	3	1	3	0.00333333	7.02728e+12	2
0.0292143	1	1	3	0.00333333	7.02728e+12	0
0.0292143	1	2	1	0.00333333	7.02728e+12	0
0.0292143	1	3	2	0.00333333	7.02728e+12	0
0.0292143	2	2	1	0.00333333	7.02728e+12	1
0.0292143	2	3	2	0.00333333	7.02728e+12	1
0.0292143	2	1	3	0.00333333	7.02728e+12	1
0.0292143	3	2	1	0.00333333	7.02728e+12	2
0.0292143	3	3	2	0.00333333	7.02728e+12	2
0.0292143	3	1	3	0.00333333	7.02728e+12	2
0.0302143	1	1	3	0.00333333	7.02728e+12	0
0.0302143	1	2	1	0.00333333	7.02728e+12	0
0.0302143	1	3	2	0.00333333	7.02728e+12	0
0.0302143	2	2	1	0.00333333	7.02728e+12	1
0.0302143	2	3	2	0.00333333	7.02728e+12	1
0.0302143	2	1	3	0.00333333	7.02728e+12	1
0.0302143	3	2	1	0.00333333	7.02728e+12	2
0.0302143	3	3	2	0.00333333	7.02728e+12	2
0.0302143	3	1	3	0.00333333	7.02728e+12	2
0.0312143	1	1	3	0.00333333	7.02728e+12	0
0.0312143	1	2	1	0.00333333	7.02728e+12	0
0.0312143	1	3	2	0.00333333	7.02728e+12	0
0.0312143	2	2	1	0.00333333	7.02728e+12	1
0.0312143	2	3	2	0.00333333	7.02728e+12	1
0.0312143	2	1	3	0.00333333	7.02728e+12	1
0.0312143	3	2	1	0.00333333	7.02728e+12	2
0.0312143	3	3	2	0.00333333	7.02728e+12	2
0.0312143	3	1	3	0.00333333	7.02728e+12	2
0.0322143	1	1	3	0.00333333	7.02728e+12	0
0.0322143	1	2	1	0.00333333	7.02728e+12	0
0.0322143	1	3	2	0.00333333	7.02728e+12	0
0.0322143	2	2	1	0.00333333	7.02728e+12	1
0.0322143	2	3	2	0.00333333	7.02728e+12	1
0.0322143	2	1	3	0.00333333	7.02728e+12	1
0.0322143	3	2	1	0.00333333	7.02728e+12	2
0.0322143	3	3	2	0.00333333	7.02728e+12	2
0.0322143	3	1	3	0.00333333	7.02728e+12	2
0.0332143	1	1	3	0.00333333	7.02728e+12	0
0.0332143	1	2	1	0.00333333	7.02728e+12	0
0.0332143	1	3	2	0.00333333	7.02728e+12	0
0.0332143	2	2	1	0.00333333	7.02728e+12	1
0.0332143	2	3	2	0.00333333	7.02728e+12	1
0.0332143	2	1	3	0.00333333	7.02728e+12	1
0.0332143	3	2	1	0.00333333	7.02728e+12	2
0.0332143	3	3	2	0.00333333	7.02728e+12	2
0.0332143	3	1	3	0.00333333	7.02728e+12	2
0.0342143	1	1	3	0.00333333	7.02728e+12	0
0.0342143	1	2	1	0.00333333	7.02728e+12	0
0.0342143	1	3	2	0.00333333	7.02728e+12	0
0.0342143	2	2	1	0.00333333	7.02728e+12	1
0.0342143	2	3	2	0.00333333	7.02728e+12	1
0.0342143	2	1	3	0.00333333	7.02728e+12	1
0.0342143	3	2	1	0.00333333	7.02728e+12	2
0.0342143	3	3	2	0.00333333	7.02728e+12	2
0.0342143	3	1	3	0.00333333	7.02728e+12	2
0.0352143	1	1	3	0.00333333	7.02728e+12	0
0.0352143	1	2	1	0.00333333	7.02728e+12	0
0.0352143	1	3	2	0.00333333	7.02728e+12	0
0.0352143	2	2	1	0.00333333	7.02728e+12	1
0.0352143	2	3	2	0.00333333	7.02728e+12	1
0.0352143	2	1	3	0.00333333	7.02728e+12	1
0.0352143	3	2	1	0.00333333	7.02728e+12	2
0.0352143	3	3	2	0.00333333	7.02728e+12	2
0.0352143	3	1	3	0.00333333	7.02728e+12	2
0.0362143	1	1	3	0.00333333	7.02728e+12	0
0.0362143	1	2	1	0.00333333	7.02728e+12	0
0.0362143	1	3	2	0.00333333	7.02728e+12	0
0.0362143	2	2	1	0.00333333	7.02728e+12	1
0.0362143	2	3	2	0.00333333	7.02728e+12	1
0.0362143	2	1	3	0.00333333	7.02728e+12	1
0.0362143	3	2	1	0.00333333	7.02728e+12	2
0.0362143	3	3	2	0.00333333	7.02728e+12	2
0.0362143	3	1	3	0.00333333	7.02728e+12	2
0.0372143	1	1	3	0.00333333	7.02728e+12	0
0.0372143	1	2	1	0.00333333	7.02728e+12	0
0.0372143	1	3	2	0.00333333	7.02728e+12	0
0.0372143	2	2	1	0.00333333	7.02728e+12	1
0.0372143	2	3	2	0.00333333	7.02728e+12	1
0.0372143	2	1	3	0.00333333	7.02728e+12	1
0.0372143	3	2	1	0.00333333	7.02728e+12	2
0.0372143	3	3	2	0.00333333	7.02728e+12	2
0.0372143	3	1	3	0.00333333	7.02728e+12	2
0.0382143	1	1	3	0.00333333	7.02728e+12	0
0.0382143	1	2	1	0.00333333	7.02728e+12	0
0.0382143	1	3	2	0.00333333	7.02728e+12	0
0.0382143	2	2	1	0.00333333	7.02728e+12	1
0.0382143	2	3	2	0.00333333	7.02728e+12	1
0.0382143	2	1	3	0.00333333	7.02728e+12	1
0.0382143	3	2	1	0.00333333	7.02728e+12	2
0.0382143	3	3	2	0.00333333	7.02728e+12	2
0.0382143	3	1	3	0.00333333	7.02728e+12	2
0.0392143	1	1	3	0.00333333	7.02728e+12	0
0.0392143	1	2	1	0.00333333	7.02728e+12	0
0.0392143	1	3	2	0.00333333	7.02728e+12	0
0.0392143	2	2	1	0.00333333	7.02728e+12	1
0.0392143	2	3	2	0.00333333	7.02728e+12	1
0.0392143	2	1	3	0.00333333	7.02728e+12	1
0.0392143	3	2	1	0.00333333	7.02728e+12	2
0.0392143	3	3	2	0.00333333	7.02728e+12	2
0.0392143	3	1	3	0.00333333	7.02728e+12	2
0.0402143	1	1	3	0.00333333	7.02728e+12	0
0.0402143	1	2	1	0.00333333	7.02728e+12	0
0.0402143	1	3	2	0.00333333	7.02728e+12	0
0.0402143	2	2	1	0.00333333	7.02728e+12	1
0.0402143	2	3	2	0.00333333	7.02728e+12	1
0.0402143	2	1	3	0.00333333	7.02728e+12	1
0.0402143	3	2	1	0.00333333	7.02728e+12	2
0.0402143	3	3	2	0.00333333	7.02728e+12	2
0.0402143	3	1	3	0.00333333	7.02728e+12	2
0.0412143	1	1	3	0.00333333	7.02728e+12	0
0.0412143	1	2	1	0.00333333	7.02728e+12	0
0.0412143	1	3	2	0.00333333	7.02728e+12	0
0.0412143	2	2	1	0.00333333	7.02728e+12	1
0.0412143	2	3	2	0.00333333	7.02728e+12	1
0.0412143	2	1	3	0.00333333	7.02728e+12	1
0.0412143	3	2	1	0.00333333	7.02728e+12	2
0.0412143	3	3	2	0.00333333	7.02728e+12	2
0.0412143	3	1	3	0.00333333	7.02728e+12	2
0.0422143	1	1	3	0.00333333	7.02728e+12	0
0.0422143	1	2	1	0.00333333	7.02728e+12	0
0.0422143	1	3	2	0.00333333	7.02728e+12	0
0.0422143	2	2	1	0.00333333	7.02728e+12	1
0.0422143	2	3	2	0.00333333	7.02728e+12	1
0.0422143	2	1	3	0.00333333	7.02728e+12	1
0.0422143	3	2	1	0.00333333	7.02728e+12	2
0.0422143	3	3	2	0.00333333	7.02728e+12	2
0.0422143	3	1	3	0.00333333	7.02728e+12	2
0.0432143	1	1	3	0.00333333	7.02728e+12	0
0.0432143	1	2	1	0.00333333	7.02728e+12	0
0.0432143	1	3	2	0.00333333	7.02728e+12	0
0.0432143	2	2	1	0.00333333	7.02728e+12	1
0.0432143	2	3	2	0.00333333	7.02728e+12	1
0.0432143	2	1	3	0.00333333	7.02728e+12	1
0.0432143	3	2	1	0.00333333	7.02728e+12	2
0.0432143	3	3	2	0.00333333	7.02728e+12	2
0.0432143	3	1	3	0.00333333	7.02728e+12	2
0.0442143	1	1	3	0.00333333	7.02728e+12	0
0.0442143	1	2	1	0.00333333	7.02728e+12	0
0.0442143	1	3	2	0.00333333	7.02728e+12	0
0.0442143	2	2	1	0.00333333	7.02728e+12	1
0.0442143	2	3	2	0.00333333	7.02728e+12	1
0.0442143	2	1	3	0.00333333	7.02728e+12	1
0.0442143	3	2	1	0.00333333	7.02728e+12	2
0.0442143	3	3	2	0.00333333	7.02728e+12	2
0.0442143	3	1	3	0.00333333	7.02728e+12	2
0.0452143	1	1	3	0.00333333	7.02728e+12	0
0.0452143	1	2	1	0.00333333	7.02728e+12	0
0.0452143	1	3	2	0.00333333	7.02728e+12	0
0.0452143	2	2	1	0.00333333	7.02728e+12	1
0.0452143	2	3	2	0.00333333	7.02728e+12	1
0.0452143	2	1	3	0.00333333	7.02728e+12	1
0.0452143	3	2	1	0.00333333	7.02728e+12	2
0.0452143	3	3	2	0.00333333	7.02728e+12	2
0.0452143	3	1	3	0.00333333	7.02728e+12	2
0.0462143	1	1	3	0.00333333	7.02728e+12	0
0.0462143	1	2	1	0.00333333	7.02728e+12	0
0.0462143	1	3	2	0.00333333	7.02728e+12	0
0.0462143	2	2	1	0.00333333	7.02728e+12	1
0.0462143	2	3	2	0.00333333	7.02728e+12	1
0.0462143	2	1	3	0.00333333	7.02728e+12	1
0.0462143	3	2	1	0.00333333	7.02728e+12	2
0.0462143	3	3	2	0.00333333	7.02728e+12	2
0.0462143	3	1	3	0.00333333	7.02728e+12	2
0.0472143	1	1	3	0.00333333	7.02728e+12	0
0.0472143	1	2	1	0.00333333	7.02728e+12	0
0.0472143	1	3	2	0.00333333	7.02728e+12	0
0.0472143	2	2	1	0.00333333	7.02728e+12	1
0.0472143	2	3	2	0.00333333	7.02728e+12	1
0.0472143	2	1	3	0.00333333	7.02728e+12	1
0.0472143	3	2	1	0.00333333	7.02728e+12	2
0.0472143	3	3	2	0.00333333	7.02728e+12	2
0.0472143	3	1	3	0.00333333	7.02728e+12	2
0.0482143	1	1	3	0.00333333	7.02728e+12	0
0.0482143	1	2	1	0.00333333	7.02728e+12	0
0.0482143	1	3	2	0.00333333	7.02728e+12	0
0.0482143	2	2	1	0.00333333	7.02728e+12	1
0.0482143	2	3	2	0.00333333	7.02728e+12	1
0.0482143	2	1	3	0.00333333	7.02728e+12	1
0.0482143	3	2	1	0.00333333	7.02728e+12	2
0.0482143	3	3	2	0.00333333	7.02728e+12	2
0.0482143	3	1	3	0.00333333	7.02728e+12	2
0.0492143	1	1	3	0.00333333	7.02728e+12	0
0.0492143	1	2	1	0.00333333	7.02728e+12	0
0.0492143	1	3	2	0.00333333	7.02728e+12	0
0.0492143	2	2	1	0.00333333	7.02728e+12	1
0.0492143	2	3	2	0.00333333	7.02728e+12	1
0.0492143	2	1	3	0.00333333	7.02728e+12	1
0.0492143	3	2	1	0.00333333	7.02728e+12	2
0.0492143	3	3	2	0.00333333	7.02728e+12	2
0.0492143	3	1	3	0.00333333	7.02728e+12	2
0.0502143	1	1	3	0.00333333	7.02728e+12	0
0.0502143	1	2	1	0.00333333	7.02728e+12	0
0.0502143	1	3	2	0.00333333	7.02728e+12	0
0.0502143	2	2	1	0.00333333	7.02728e+12	1
0.0502143	2	3	2	0.00333333	7.02728e+12	1
0.0502143	2	1	3	0.00333333	7.02728e+12	1
0.0502143	3	2	1	0.00333333	7.02728e+12	2
0.0502143	3	3	2	0.00333333	7.02728e+12	2
0.0502143	3	1	3	0.00333333	7.02728e+12	2
0.0512143	1	1	3	0.00333333	7.02728e+12	0
0.0512143	1	2	1	0.00333333	7.02728e+12	0
0.0512143	1	3	2	0.00333333	7.02728e+12	0
0.0512143	2	2	1	0.00333333	7.02728e+12	1
0.0512143	2	3	2	0.00333333	7.02728e+12	1
0.0512143	2	1	3	0.00333333	7.02728e+12	1
0.0512143	3	2	1	0.00333333	7.02728e+12	2
0.0512143	3	3	2	0.00333333	7.02728e+12	2
0.0512143	3	1	3	0.00333333	7.02728e+12	2
0.0522143	1	1	3	0.00333333	7.02728e+12	0
0.0522143	1	2	1	0.00333333	7.02728e+12	0
0.0522143	1	3	2	0.00333333	7.02728e+12	0
0.0522143	2	2	1	0.00333333	7.02728e+12	1
0.0522143	2	3	2	0.00333333	7.02728e+12	1
0.0522143	2	1	3	0.00333333	7.02728e+12	1
0.0522143	3	2	1	0.00333333	7.02728e+12	2
0.0522143	3	3	2	0.00333333	7.02728e+12	2
0.0522143	3	1	3	0.00333333	7.02728e+12	2
0.0532143	1	1	3	0.00333333	7.02728e+12	0
0.0532143	1	2	1	0.00333333	7.02728e+12	0
0.0532143	1	3	2	0.00333333	7.02728e+12	0
0.0532143	2	2	1	0.00333333	7.02728e+12	1
0.0532143	2	3	2	0.00333333	7.02728e+12	1
0.0532143	2	1	3	0.00333333	7.02728e+12	1
0.0532143	3	2	1	0.00333333	7.02728e+12	2
0.0532143	3	3	2	0.00333333	7.02728e+12	2
0.0532143	3	1	3	0.00333333	7.02728e+12	2
0.0542143	1	1	3	0.00333333	7.02728e+12	0
0.0542143	1	2	1	0.00333333	7.02728e+12	0
0.0542143	1	3	2	0.00333333	7.02728e+12	0
0.0542143	2	2	1	0.00333333	7.02728e+12	1
0.0542143	2	3	2	0.00333333	7.02728e+12	1
0.0542143	2	1	3	0.00333333	7.02728e+12	1
0.0542143	3	2	1	0.00333333	7.02728e+12	2
0.0542143	3	3	2	0.00333333	7.02728e+12	2
0.0542143	3	1	3	0.00333333	7.02728e+12	2
0.0552143	1	1	3	0.00333333	7.02728e+12	0
0.0552143	1	2	1	0.00333333	7.02728e+12	0
0.0552143	1	3	2	0.00333333	7.02728e+12	0
0.0552143	2	2	1	0.00333333	7.02728e+12	1
0.0552143	2	3	2	0.00333333	7.02728e+12	1
0.0552143	2	1	3	0.00333333	7.02728e+12	1
0.0552143	3	2	1	0.00333333	7.02728e+12	2
0.0552143	3	3	2	0.00333333	7.02728e+12	2
0.0552143	3	1	3	0.00333333	7.02728e+12	2
0.0562143	1	1	3	0.00333333	7.02728e+12	0
0.0562143	1	2	1	0.00333333	7.02728e+12	0
0.0562143	1	3	2	0.00333333	7.02728e+12	0
0.0562143	2	2	1	0.00333333	7.02728e+12	1
0.0562143	2	3	2	0.00333333	7.02728e+12	1
0.0562143	2	1	3	0.00333333	7.02728e+12	1
0.0562143	3	2	1	0.00333333	7.02728e+12	2
0.0562143	3	3	2	0.00333333	7.02728e+12	2
0.0562143	3	1	3	0.00333333	7.02728e+12	2
0.0572143	1	1	3	0.00333333	7.02728e+12	0
0.0572143	1	2	1	0.00333333	7.02728e+12	0
0.0572143	1	3	2	0.00333333	7.02728e+12	0
0.0572143	2	2	1	0.00333333	7.02728e+12	1
0.0572143	2	3	2	0.00333333	7.02728e+12	1
0.0572143	2	1	3	0.00333333	7.02728e+12	1
0.0572143	3	2	1	0.00333333	7.02728e+12	2
0.0572143	3	3	2	0.00333333	7.02728e+12	2
0.0572143	3	1	3	0.00333333	7.02728e+12	2
0.0582143	1	1	3	0.00333333	7.02728e+12	0
0.0582143	1	2	1	0.00333333	7.02728e+12	0
0.0582143	1	3	2	0.00333333	7.02728e+12	0
0.0582143	2	2	1	0.00333333	7.02728e+12	1
0.0582143	2	3	2	0.00333333	7.02728e+12	1
0.0582143	2	1	3	0.00333333	7.02728e+12	1
0.0582143	3	2	1	0.00333333	7.02728e+12	2
0.0582143	3	3	2	0.00333333	7.02728e+12	2
0.0582143	3	1	3	0.00333333	7.02728e+12	2
0.0592143	1	1	3	0.00333333	7.02728e+12	0
0.0592143	1	2	1	0.00333333	7.02728e+12	0
0.0592143	1	3	2	0.00333333	7.02728e+12	0
0.0592143	2	2	1	0.00333333	7.02728e+12	1
0.0592143	2	3	2	0.00333333	7.02728e+12	1
0.0592143	2	1	3	0.00333333	7.02728e+12	1
0.0592143	3	2	1	0.00333333	7.02728e+12	2
0.0592143	3	3	2	0.00333333	7.02728e+12	2
0.0592143	3	1	3	0.00333333	7.02728e+12	2
0.0602143	1	1	3	0.00333333	7.02728e+12	0
0.0602143	1	2	1	0.00333333	7.02728e+12	0
0.0602143	1	3	2	0.00333333	7.02728e+12	0
0.0602143	2	2	1	0.00333333	7.02728e+12	1
0.0602143	2	3	2	0.00333333	7.02728e+12	1
0.0602143	2	1	3	0.00333333	7.02728e+12	1
0.0602143	3	2	1	0.00333333	7.02728e+12	2
0.0602143	3	3	2	0.00333333	7.02728e+12	2
0.0602143	3	1	3	0.00333333	7.02728e+12	2
0.0612143	1	1	3	0.00333333	7.02728e+12	0
0.0612143	1	2	1	0.00333333	7.02728e+12	0
0.0612143	1	3	2	0.00333333	7.02728e+12	0
0.0612143	2	2	1	0.00333333	7.02728e+12	1
0.0612143	2	3	2	0.00333333	7.02728e+12	1
0.0612143	2	1	3	0.00333333	7.02728e+12	1
0.0612143	3	2	1	0.00333333	7.02728e+12	2
0.0612143	3	3	2	0.00333333	7.02728e+12	2
0.0612143	3	1	3	0.00333333	7.02728e+12	2
0.0622143	1	1	3	0.00333333	7.02728e+12	0
0.0622143	1	2	1	0.00333333	7.02728e+12	0
0.0622143	1	3	2	0.00333333	7.02728e+12	0
0.0622143	2	2	1	0.00333333	7.02728e+12	1
0.0622143	2	3	2	0.00333333	7.02728e+12	1
0.0622143	2	1	3	0.00333333	7.02728e+12	1
0.0622143	3	2	1	0.00333333	7.02728e+12	2
0.0622143	3	3	2	0.00333333	7.02728e+12	2
0.0622143	3	1	3	0.00333333	7.02728e+12	2
0.0632143	1	1	3	0.00333333	7.02728e+12	0
0.0632143	1	2	1	0.00333333	7.02728e+12	0
0.0632143	1	3	2	0.00333333	7.02728e+12	0
0.0632143	2	2	1	0.00333333	7.02728e+12	1
0.0632143	2	3	2	0.00333333	7.02728e+12	1
0.0632143	2	1	3	0.00333333	7.02728e+12	1
0.0632143	3	2	1	0.00333333	7.02728e+12	2
0.0632143	3	3	2	0.00333333	7.02728e+12	2
0.0632143	3	1	3	0.00333333	7.02728e+12	2
0.0642143	1	1	3	0.00333333	7.02728e+12	0
0.0642143	1	2	1	0.00333333	7.02728e+12	0
0.0642143	1	3	2	0.00333333	7.02728e+12	0
0.0642143	2	2	1	0.00333333	7.02728e+12	1
0.0642143	2	3	2	0.00333333	7.02728e+12	1
0.0642143	2	1	3	0.00333333	7.02728e+12	1
0.0642143	3	2	1	0.00333333	7.02728e+12	2
0.0642143	3	3	2	0.00333333	7.02728e+12	2
0.0642143	3	1	3	0.00333333	7.02728e+12	2
0.0652143	1	1	3	0.00333333	7.02728e+12	0
0.0652143	1	2	1	0.00333333	7.02728e+12	0
0.0652143	1	3	2	0.00333333	7.02728e+12	0
0.0652143	2	2	1	0.00333333	7.02728e+12	1
0.0652143	2	3	2	0.00333333	7.02728e+12	1
0.0652143	2	1	3	0.00333333	7.02728e+12	1
0.0652143	3	2	1	0.00333333	7.02728e+12	2
0.0652143	3	3	2	0.00333333	7.02728e+12	2
0.0652143	3	1	3	0.00333333	7.02728e+12	2
0.0662143	1	1	3	0.00333333	7.02728e+12	0
0.0662143	1	2	1	0.00333333	7.02728e+12	0
0.0662143	1	3	2	0.00333333	7.02728e+12	0
0.0662143	2	2	1	0.00333333	7.02728e+12	1
0.0662143	2	3	2	0.00333333	7.02728e+12	1
0.0662143	2	1	3	0.00333333	7.02728e+12	1
0.0662143	3	2	1	0.00333333	7.02728e+12	2
0.0662143	3	3	2	0.00333333	7.02728e+12	2
0.0662143	3	1	3	0.00333333	7.02728e+12	2
0.0672143	1	1	3	0.00333333	7.02728e+12	0
0.0672143	1	2	1	0.00333333	7.02728e+12	0
0.0672143	1	3	2	0.00333333	7.02728e+12	0
0.0672143	2	2	1	0.00333333	7.02728e+12	1
0.0672143	2	3	2	0.00333333	7.02728e+12	1
0.0672143	2	1	3	0.00333333	7.02728e+12	1
0.0672143	3	2	1	0.00333333	7.02728e+12	2
0.0672143	3	3	2	0.00333333	7.02728e+12	2
0.0672143	3	1	3	0.00333333	7.02728e+12	2
0.0682143	1	1	3	0.00333333	7.02728e+12	0
0.0682143	1	2	1	0.00333333	7.02728e+12	0
0.0682143	1	3	2	0.00333333	7.02728e+12	0
0.0682143	2	2	1	0.00333333	7.02728e+12	1
0.0682143	2	3	2	0.00333333	7.02728e+12	1
0.0682143	2	1	3	0.00333333	7.02728e+12	1
0.0682143	3	2	1	0.00333333	7.02728e+12	2
0.0682143	3	3	2	0.00333333	7.02728e+12	2
0.0682143	3	1	3	0.00333333	7.02728e+12	2
0.0692143	1	1	3	0.00333333	7.02728e+12	0
0.0692143	1	2	1	0.00333333	7.02728e+12	0
0.0692143	1	3	2	0.00333333	7.02728e+12	0
0.0692143	2	2	1	0.00333333	7.02728e+12	1
0.0692143	2	3	2	0.00333333	7.02728e+12	1
0.0692143	2	1	3	0.00333333	7.02728e+12	1
0.0692143	3	2	1	0.00333333	7.02728e+12	2
0.0692143	3	3	2	0.00333333	7.02728e+12	2
0.0692143	3	1	3	0.00333333	7.02728e+12	2
0.0702143	1	1	3	0.00333333	7.02728e+12	0
0.0702143	1	2	1	0.00333333	7.02728e+12	0
0.0702143	1	3	2	0.00333333	7.02728e+12	0
0.0702143	2	2	1	0.00333333	7.02728e+12	1
0.0702143	2	3	2	0.00333333	7.02728e+12	1
0.0702143	2	1	3	0.00333333	7.02728e+12	1
0.0702143	3	2	1	0.00333333	7.02728e+12	2
0.0702143	3	3	2	0.00333333	7.02728e+12	2
0.0702143	3	1	3	0.00333333	7.02728e+12	2
0.0712143	1	1	3	0.00333333	7.02728e+12	0
0.0712143	1	2	1	0.00333333	7.02728e+12	0
0.0712143	1	3	2	0.00333333	7.02728e+12	0
0.0712143	2	2	1	0.00333333	7.02728e+12	1
0.0712143	2	3	2	0.00333333	7.02728e+12	1
0.0712143	2	1	3	0.00333333	7.02728e+12	1
0.0712143	3	2	1	0.00333333	7.02728e+12	2
0.0712143	3	3	2	0.00333333	7.02728e+12	2
0.0712143	3	1	3	0.00333333	7.02728e+12	2
0.0722143	1	1	3	0.00333333	7.02728e+12	0
0.0722143	1	2	1	0.00333333	7.02728e+12	0
0.0722143	1	3	2	0.00333333	7.02728e+12	0
0.0722143	2	2	1	0.00333333	7.02728e+12	1
0.0722143	2	3	2	0.00333333	7.02728e+12	1
0.0722143	2	1	3	0.00333333	7.02728e+12	1
0.0722143	3	2	1	0.00333333	7.02728e+12	2
0.0722143	3	3	2	0.00333333	7.02728e+12	2
0.0722143	3	1	3	0.00333333	7.02728e+12	2
0.0732143	1	1	3	0.00333333	7.02728e+12	0
0.0732143	1	2	1	0.00333333	7.02728e+12	0
0.0732143	1	3	2	0.00333333	7.02728e+12	0
0.0732143	2	2	1	0.00333333	7.02728e+12	1
0.0732143	2	3	2	0.00333333	7.02728e+12	1
0.0732143	2	1	3	0.00333333	7.02728e+12	1
0.0732143	3	2	1	0.00333333	7.02728e+12	2
0.0732143	3	3	2	0.00333333	7.02728e+12	2
0.0732143	3	1	3	0.00333333	7.02728e+12	2
0.0742143	1	1	3	0.00333333	7.02728e+12	0
0.0742143	1	2	1	0.00333333	7.02728e+12	0
0.0742143	1	3	2	0.00333333	7.02728e+12	0
0.0742143	2	2	1	0.00333333	7.02728e+12	1
0.0742143	2	3	2	0.00333333	7.02728e+12	1
0.0742143	2	1	3	0.00333333	7.02728e+12	1
0.0742143	3	2	1	0.00333333	7.02728e+12	2
0.0742143	3	3	2	0.00333333	7.02728e+12	2
0.0742143	3	1	3	0.00333333	7.02728e+12	2
0.0752143	1	1	3	0.00333333	7.02728e+12	0
0.0752143	1	2	1	0.00333333	7.02728e+12	0
0.0752143	1	3	2	0.00333333	7.02728e+12	0
0.0752143	2	2	1	0.00333333	7.02728e+12	1
0.0752143	2	3	2	0.00333333	7.02728e+12	1
0.0752143	2	1	3	0.00333333	7.02728e+12	1
0.0752143	3	2	1	0.00333333	7.02728e+12	2
0.0752143	3	3	2	0.00333333	7.02728e+12	2
0.0752143	3	1	3	0.00333333	7.02728e+12	2
0.0762143	1	1	3	0.00333333	7.02728e+12	0
0.0762143	1	2	1	0.00333333	7.02728e+12	0
0.0762143	1	3	2	0.00333333	7.02728e+12	0
0.0762143	2	2	1	0.00333333	7.02728e+12	1
0.0762143	2	3	2	0.00333333	7.02728e+12	1
0.0762143	2	1	3	0.00333333	7.02728e+12	1
0.0762143	3	2	1	0.00333333	7.02728e+12	2
0.0762143	3	3	2	0.00333333	7.02728e+12	2
0.0762143	3	1	3	0.00333333	7.02728e+12	2
0.0772143	1	1	3	0.00333333	7.02728e+12	0
0.0772143	1	2	1	0.00333333	7.02728e+12	0
0.0772143	1	3	2	0.00333333	7.02728e+12	0
0.0772143	2	2	1	0.00333333	7.02728e+12	1
0.0772143	2	3	2	0.00333333	7.02728e+12	1
0.0772143	2	1	3	0.00333333	7.02728e+12	1
0.0772143	3	2	1	0.00333333	7.02728e+12	2
0.0772143	3	3	2	0.00333333	7.02728e+12	2
0.0772143	3	1	3	0.00333333	7.02728e+12	2
0.0782143	1	1	3	0.00333333	7.02728e+12	0
0.0782143	1	2	1	0.00333333	7.02728e+12	0
0.0782143	1	3	2	0.00333333	7.02728e+12	0
0.0782143	2	2	1	0.00333333	7.02728e+12	1
0.0782143	2	3	2	0.00333333	7.02728e+12	1
0.0782143	2	1	3	0.00333333	7.02728e+12	1
0.0782143	3	2	1	0.00333333	7.02728e+12	2
0.0782143	3	3	2	0.00333333	7.02728e+12	2
0.0782143	3	1	3	0.00333333	7.02728e+12	2
0.0792143	1	1	3	0.00333333	7.02728e+12	0
0.0792143	1	2	1	0.00333333	7.02728e+12	0
0.0792143	1	3	2	0.00333333	7.02728e+12	0
0.0792143	2	2	1	0.00333333	7.02728e+12	1
0.0792143	2	3	2	0.00333333	7.02728e+12	1
0.0792143	2	1	3	0.00333333	7.02728e+12	1
0.0792143	3	2	1	0.00333333	7.02728e+12	2
0.0792143	3	3	2	0.00333333	7.02728e+12	2
0.0792143	3	1	3	0.00333333	7.02728e+12	2
0.0802143	1	1	3	0.00333333	7.02728e+12	0
0.0802143	1	2	1	0.00333333	7.02728e+12	0
0.0802143	1	3	2	0.00333333	7.02728e+12	0
0.0802143	2	2	1	0.00333333	7.02728e+12	1
0.0802143	2	3	2	0.00333333	7.02728e+12	1
0.0802143	2	1	3	0.00333333	7.02728e+12	1
0.0802143	3	2	1	0.00333333	7.02728e+12	2
0.0802143	3	3	2	0.00333333	7.02728e+12	2
0.0802143	3	1	3	0.00333333	7.02728e+12	2
0.0812143	1	1	3	0.00333333	7.02728e+12	0
0.0812143	1	2	1	0.00333333	7.02728e+12	0
0.0812143	1	3	2	0.00333333	7.02728e+12	0
0.0812143	2	2	1	0.00333333	7.02728e+12	1
0.0812143	2	3	2	0.00333333	7.02728e+12	1
0.0812143	2	1	3	0.00333333	7.02728e+12	1
0.0812143	3	2	1	0.00333333	7.02728e+12	2
0.0812143	3	3	2	0.00333333	7.02728e+12	2
0.0812143	3	1	3	0.00333333	7.02728e+12	2
0.0822143	1	1	3	0.00333333	7.02728e+12	0
0.0822143	1	2	1	0.00333333	7.02728e+12	0
0.0822143	1	3	2	0.00333333	7.02728e+12	0
0.0822143	2	2	1	0.00333333	7.02728e+12	1
0.0822143	2	3	2	0.00333333	7.02728e+12	1
0.0822143	2	1	3	0.00333333	7.02728e+12	1
0.0822143	3	2	1	0.00333333	7.02728e+12	2
0.0822143	3	3	2	0.00333333	7.02728e+12	2
0.0822143	3	1	3	0.00333333	7.02728e+12	2
0.0832143	1	1	3	0.00333333	7.02728e+12	0
0.0832143	1	2	1	0.00333333	7.02728e+12	0
0.0832143	1	3	2	0.00333333	7.02728e+12	0
0.0832143	2	2	1	0.00333333	7.02728e+12	1
0.0832143	2	3	2	0.00333333	7.02728e+12	1
0.0832143	2	1	3	0.00333333	7.02728e+12	1
0.0832143	3	2	1	0.00333333	7.02728e+12	2
0.0832143	3	3	2	0.00333333	7.02728e+12	2
0.0832143	3	1	3	0.00333333	7.02728e+12	2
0.0842143	1	1	3	0.00333333	7.02728e+12	0
0.0842143	1	2	1	0.00333333	7.02728e+12	0
0.0842143	1	3	2	0.00333333	7.02728e+12	0
0.0842143	2	2	1	0.00333333	7.02728e+12	1
0.0842143	2	3	2	0.00333333	7.02728e+12	1
0.0842143	2	1	3	0.00333333	7.02728e+12	1
0.0842143	3	2	1	0.00333333	7.02728e+12	2
0.0842143	3	3	2	0.00333333	7.02728e+12	2
0.0842143	3	1	3	0.00333333	7.02728e+12	2
0.0852143	1	1	3	0.00333333	7.02728e+12	0
0.0852143	1	2	1	0.00333333	7.02728e+12	0
0.0852143	1	3	2	0.00333333	7.02728e+12	0
0.0852143	2	2	1	0.00333333	7.02728e+12	1
0.0852143	2	3	2	0.00333333	7.02728e+12	1
0.0852143	2	1	3	0.00333333	7.02728e+12	1
0.0852143	3	2	1	0.00333333	7.02728e+12	2
0.0852143	3	3	2	0.00333333	7.02728e+12	2
0.0852143	3	1	3	0.00333333	7.02728e+12	2
0.0862143	1	1	3	0.00333333	7.02728e+12	0
0.0862143	1	2	1	0.00333333	7.02728e+12	0
0.0862143	1	3	2	0.00333333	7.02728e+12	0
0.0862143	2	2	1	0.00333333	7.02728e+12	1
0.0862143	2	3	2	0.00333333	7.02728e+12	1
0.0862143	2	1	3	0.00333333	7.02728e+12	1
0.0862143	3	2	1	0.00333333	7.02728e+12	2
0.0862143	3	3	2	0.00333333	7.02728e+12	2
0.0862143	3	1	3	0.00333333	7.02728e+12	2
0.0872143	1	1	3	0.00333333	7.02728e+12	0
0.0872143	1	2	1	0.00333333	7.02728e+12	0
0.0872143	1	3	2	0.00333333	7.02728e+12	0
0.0872143	2	2	1	0.00333333	7.02728e+12	1
0.0872143	2	3	2	0.00333333	7.02728e+12	1
0.0872143	2	1	3	0.00333333	7.02728e+12	1
0.0872143	3	2	1	0.00333333	7.02728e+12	2
0.0872143	3	3	2	0.00333333	7.02728e+12	2
0.0872143	3	1	3	0.00333333	7.02728e+12	2
0.0882143	1	1	3	0.00333333	7.02728e+12	0
0.0882143	1	2	1	0.00333333	7.02728e+12	0
0.0882143	1	3	2	0.00333333	7.02728e+12	0
0.0882143	2	2	1	0.00333333	7.02728e+12	1
0.0882143	2	3	2	0.00333333	7.02728e+12	1
0.0882143	2	1	3	0.00333333	7.02728e+12	1
0.0882143	3	2	1	0.00333333	7.02728e+12	2
0.0882143	3	3	2	0.00333333	7.02728e+12	2
0.0882143	3	1	3	0.00333333	7.02728e+12	2
0.0892143	1	1	3	0.00333333	7.02728e+12	0
0.0892143	1	2	1	0.00333333	7.02728e+12	0
0.0892143	1	3	2	0.00333333	7.02728e+12	0
0.0892143	2	2	1	0.00333333	7.02728e+12	1
0.0892143	2	3	2	0.00333333	7.02728e+12	1
0.0892143	2	1	3	0.00333333	7.02728e+12	1
0.0892143	3	2	1	0.00333333	7.02728e+12	2
0.0892143	3	3	2	0.00333333	7.02728e+12	2
0.0892143	3	1	3	0.00333333	7.02728e+12	2
0.0902143	1	1	3	0.00333333	7.02728e+12	0
0.0902143	1	2	1	0.00333333	7.02728e+12	0
0.0902143	1	3	2	0.00333333	7.02728e+12	0
0.0902143	2	2	1	0.00333333	7.02728e+12	1
0.0902143	2	3	2	0.00333333	7.02728e+12	1
0.0902143	2	1	3	0.00333333	7.02728e+12	1
0.0902143	3	2	1	0.00333333	7.02728e+12	2
0.0902143	3	3	2	0.00333333	7.02728e+12	2
0.0902143	3	1	3	0.00333333	7.02728e+12	2
0.0912143	1	1	3	0.00333333	7.02728e+12	0
0.0912143	1	2	1	0.00333333	7.02728e+12	0
0.0912143	1	3	2	0.00333333	7.02728e+12	0
0.0912143	2	2	1	0.00333333	7.02728e+12	1
0.0912143	2	3	2	0.00333333	7.02728e+12	1
0.0912143	2	1	3	0.00333333	7.02728e+12	1
0.0912143	3	2	1	0.00333333	7.02728e+12	2
0.0912143	3	3	2	0.00333333	7.02728e+12	2
0.0912143	3	1	3	0.00333333	7.02728e+12	2
0.0922143	1	1	3	0.00333333	7.02728e+12	0
0.0922143	1	2	1	0.00333333	7.02728e+12	0
0.0922143	1	3	2	0.00333333	7.02728e+12	0
0.0922143	2	2	1	0.00333333	7.02728e+12	1
0.0922143	2	3	2	0.00333333	7.02728e+12	1
0.0922143	2	1	3	0.00333333	7.02728e+12	1
0.0922143	3	2	1	0.00333333	7.02728e+12	2
0.0922143	3	3	2	0.00333333	7.02728e+12	2
0.0922143	3	1	3	0.00333333	7.02728e+12	2
0.0932143	1	1	3	0.00333333	7.02728e+12	0
0.0932143	1	2	1	0.00333333	7.02728e+12	0
0.0932143	1	3	2	0.00333333	7.02728e+12	0
0.0932143	2	2	1	0.00333333	7.02728e+12	1
0.0932143	2	3	2	0.00333333	7.02728e+12	1
0.0932143	2	1	3	0.00333333	7.02728e+12	1
0.0932143	3	2	1	0.00333333	7.02728e+12	2
0.0932143	3	3	2	0.00333333	7.02728e+12	2
0.0932143	3	1	3	0.00333333	7.02728e+12	2
0.0942143	1	1	3	0.00333333	7.02728e+12	0
0.0942143	1	2	1	0.00333333	7.02728e+12	0
0.0942143	1	3	2	0.00333333	7.02728e+12	0
0.0942143	2	2	1	0.00333333	7.02728e+12	1
0.0942143	2	3	2	0.00333333	7.02728e+12	1
0.0942143	2	1	3	0.00333333	7.02728e+12	1
0.0942143	3	2	1	0.00333333	7.02728e+12	2
0.0942143	3	3	2	0.00333333	7.02728e+12	2
0.0942143	3	1	3	0.00333333	7.02728e+12	2
0.0952143	1	1	3	0.00333333	7.02728e+12	0
0.0952143	1	2	1	0.00333333	7.02728e+12	0
0.0952143	1	3	2	0.00333333	7.02728e+12	0
0.0952143	2	2	1	0.00333333	7.02728e+12	1
0.0952143	2	3	2	0.00333333	7.02728e+12	1
0.0952143	2	1	3	0.00333333	7.02728e+12	1
0.0952143	3	2	1	0.00333333	7.02728e+12	2
0.0952143	3	3	2	0.00333333	7.02728e+12	2
0.0952143	3	1	3	0.00333333	7.02728e+12	2
0.0962143	1	1	3	0.00333333	7.02728e+12	0
0.0962143	1	2	1	0.00333333	7.02728e+12	0
0.0962143	1	3	2	0.00333333	7.02728e+12	0
0.0962143	2	2	1	0.00333333	7.02728e+12	1
0.0962143	2	3	2	0.00333333	7.02728e+12	1
0.0962143	2	1	3	0.00333333	7.02728e+12	1
0.0962143	3	2	1	0.00333333	7.02728e+12	2
0.0962143	3	3	2	0.00333333	7.02728e+12	2
0.0962143	3	1	3	0.00333333	7.02728e+12	2
0.0972143	1	1	3	0.00333333	7.02728e+12	0
0.0972143	1	2	1	0.00333333	7.02728e+12	0
0.0972143	1	3	2	0.00333333	7.02728e+12	0
0.0972143	2	2	1	0.00333333	7.02728e+12	1
0.0972143	2	3	2	0.00333333	7.02728e+12	1
0.0972143	2	1	3	0.00333333	7.02728e+12	1
0.0972143	3	2	1	0.00333333	7.02728e+12	2
0.0972143	3	3	2	0.00333333	7.02728e+12	2
0.0972143	3	1	3	0.00333333	7.02728e+12	2
0.0982143	1	1	3	0.00333333	7.02728e+12	0
0.0982143	1	2	1	0.00333333	7.02728e+12	0
0.0982143	1	3	2	0.00333333	7.02728e+12	0
0.0982143	2	2	1	0.00333333	7.02728e+12	1
0.0982143	2	3	2	0.00333333	7.02728e+12	1
0.0982143	2	1	3	0.00333333	7.02728e+12	1
0.0982143	3	2	1	0.00333333	7.02728e+12	2
0.0982143	3	3	2	0.00333333	7.02728e+12	2
0.0982143	3	1	3	0.00333333	7.02728e+12	2
0.0992143	1	1	3	0.00333333	7.02728e+12	0
0.0992143	1	2	1	0.00333333	7.02728e+12	0
0.0992143	1	3	2	0.00333333	7.02728e+12	0
0.0992143	2	2	1	0.00333333	7.02728e+12	1
0.0992143	2	3	2	0.00333333	7.02728e+12	1
0.0992143	2	1	3	0.00333333	7.02728e+12	1
0.0992143	3	2	1	0.00333333	7.02728e+12	2
0.0992143	3	3	2	0.00333333	7.02728e+12	2
0.0992143	3	1	3	0.00333333	7.02728e+12	2
0.100214	1	1	3	0.00333333	7.02728e+12	0
0.100214	1	2	1	0.00333333	7.02728e+12	0
0.100214	1	3	2	0.00333333	7.02728e+12	0
0.100214	2	2	1	0.00333333	7.02728e+12	1
0.100214	2	3	2	0.00333333	7.02728e+12	1
0.100214	2	1	3	0.00333333	7.02728e+12	1
0.100214	3	2	1	0.00333333	7.02728e+12	2
0.100214	3	3	2	0.00333333	7.02728e+12	2
0.100214	3	1	3	0.00333333	7.02728e+12	2
0.101214	1	1	3	0.00333333	7.02728e+12	0
0.101214	1	2	1	0.00333333	7.02728e+12	0
0.101214	1	3	2	0.00333333	7.02728e+12	0
0.101214	2	2	1	0.00333333	7.02728e+12	1
0.101214	2	3	2	0.00333333	7.02728e+12	1
0.101214	2	1	3	0.00333333	7.02728e+12	1
0.101214	3	2	1	0.00333333	7.02728e+12	2
0.101214	3	3	2	0.00333333	7.02728e+12	2
0.101214	3	1	3	0.00333333	7.02728e+12	2
0.102214	1	1	3	0.00333333	7.02728e+12	0
0.102214	1	2	1	0.00333333	7.02728e+12	0
0.102214	1	3	2	0.00333333	7.02728e+12	0
0.102214	2	2	1	0.00333333	7.02728e+12	1
0.102214	2	3	2	0.00333333	7.02728e+12	1
0.102214	2	1	3	0.00333333	7.02728e+12	1
0.102214	3	2	1	0.00333333	7.02728e+12	2
0.102214	3	3	2	0.00333333	7.02728e+12	2
0.102214	3	1	3	0.00333333	7.02728e+12	2
0.103214	1	1	3	0.00333333	7.02728e+12	0
0.103214	1	2	1	0.00333333	7.02728e+12	0
0.103214	1	3	2	0.00333333	7.02728e+12	0
0.103214	2	2	1	0.00333333	7.02728e+12	1
0.103214	2	3	2	0.00333333	7.02728e+12	1
0.103214	2	1	3	0.00333333	7.02728e+12	1
0.103214	3	2	1	0.00333333	7.02728e+12	2
0.103214	3	3	2	0.00333333	7.02728e+12	2
0.103214	3	1	3	0.00333333	7.02728e+12	2
0.104214	1	1	3	0.00333333	7.02728e+12	0
0.104214	1	2	1	0.00333333	7.02728e+12	0
0.104214	1	3	2	0.00333333	7.02728e+12	0
0.104214	2	2	1	0.00333333	7.02728e+12	1
0.104214	2	3	2	0.00333333	7.02728e+12	1
0.104214	2	1	3	0.00333333	7.02728e+12	1
0.104214	3	2	1	0.00333333	7.02728e+12	2
0.104214	3	3	2	0.00333333	7.02728e+12	2
0.104214	3	1	3	0.00333333	7.02728e+12	2
0.105214	1	1	3	0.00333333	7.02728e+12	0
0.105214	1	2	1	0.00333333	7.02728e+12	0
0.105214	1	3	2	0.00333333	7.02728e+12	0
0.105214	2	2	1	0.00333333	7.02728e+12	1
0.105214	2	3	2	0.00333333	7.02728e+12	1
0.105214	2	1	3	0.00333333	7.02728e+12	1
0.105214	3	2	1	0.00333333	7.02728e+12	2
0.105214	3	3	2	0.00333333	7.02728e+12	2
0.105214	3	1	3	0.00333333	7.02728e+12	2
0.106214	1	1	3	0.00333333	7.02728e+12	0
0.106214	1	2	1	0.00333333	7.02728e+12	0
0.106214	1	3	2	0.00333333	7.02728e+12	0
0.106214	2	2	1	0.00333333	7.02728e+12	1
0.106214	2	3	2	0.00333333	7.02728e+12	1
0.106214	2	1	3	0.00333333	7.02728e+12	1
0.106214	3	2	1	0.00333333	7.02728e+12	2
0.106214	3	3	2	0.00333333	7.02728e+12	2
0.106214	3	1	3	0.00333333	7.02728e+12	2
0.107214	1	1	3	0.00333333	7.02728e+12	0
0.107214	1	2	1	0.00333333	7.02728e+12	0
0.107214	1	3	2	0.00333333	7.02728e+12	0
0.107214	2	2	1	0.00333333	7.02728e+12	1
0.107214	2	3	2	0.00333333	7.02728e+12	1
0.107214	2	1	3	0.00333333	7.02728e+12	1
0.107214	3	2	1	0.00333333	7.02728e+12	2
0.107214	3	3	2	0.00333333	7.02728e+12	2
0.107214	3	1	3	0.00333333	7.02728e+12	2
0.108214	1	1	3	0.00333333	7.02728e+12	0
0.108214	1	2	1	0.00333333	7.02728e+12	0
0.108214	1	3	2	0.00333333	7.02728e+12	0
0.108214	2	2	1	0.00333333	7.02728e+12	1
0.108214	2	3	2	0.00333333	7.02728e+12	1
0.108214	2	1	3	0.00333333	7.02728e+12	1
0.108214	3	2	1	0.00333333	7.02728e+12	2
0.108214	3	3	2	0.00333333	7.02728e+12	2
0.108214	3	1	3	0.00333333	7.02728e+12	2
0.109214	1	1	3	0.00333333	7.02728e+12	0
0.109214	1	2	1	0.00333333	7.02728e+12	0
0.109214	1	3	2	0.00333333	7.02728e+12	0
0.109214	2	2	1	0.00333333	7.02728e+12	1
0.109214	2	3	2	0.00333333	7.02728e+12	1
0.109214	2	1	3	0.00333333	7.02728e+12	1
0.109214	3	2	1	0.00333333	7.02728e+12	2
0.109214	3	3	2	0.00333333	7.02728e+12	2
0.109214	3	1	3	0.00333333	7.02728e+12	2
0.110214	1	1	3	0.00333333	7.02728e+12	0
0.110214	1	2	1	0.00333333	7.02728e+12	0
0.110214	1	3	2	0.00333333	7.02728e+12	0
0.110214	2	2	1	0.00333333	7.02728e+12	1
0.110214	2	3	2	0.00333333	7.02728e+12	1
0.110214	2	1	3	0.00333333	7.02728e+12	1
0.110214	3	2	1	0.00333333	7.02728e+12	2
0.110214	3	3	2	0.00333333	7.02728e+12	2
0.110214	3	1	3	0.00333333	7.02728e+12	2
0.111214	1	1	3	0.00333333	7.02728e+12	0
0.111214	1	2	1	0.00333333	7.02728e+12	0
0.111214	1	3	2	0.00333333	7.02728e+12	0
0.111214	2	2	1	0.00333333	7.02728e+12	1
0.111214	2	3	2	0.00333333	7.02728e+12	1
0.111214	2	1	3	0.00333333	7.02728e+12	1
0.111214	3	2	1	0.00333333	7.02728e+12	2
0.111214	3	3	2	0.00333333	7.02728e+12	2
0.111214	3	1	3	0.00333333	7.02728e+12	2
0.112214	1	1	3	0.00333333	7.02728e+12	0
0.112214	1	2	1	0.00333333	7.02728e+12	0
0.112214	1	3	2	0.00333333	7.02728e+12	0
0.112214	2	2	1	0.00333333	7.02728e+12	1
0.112214	2	3	2	0.00333333	7.02728e+12	1
0.112214	2	1	3	0.00333333	7.02728e+12	1
0.112214	3	2	1	0.00333333	7.02728e+12	2
0.112214	3	3	2	0.00333333	7.02728e+12	2
0.112214	3	1	3	0.00333333	7.02728e+12	2
0.113214	1	1	3	0.00333333	7.02728e+12	0
0.113214	1	2	1	0.00333333	7.02728e+12	0
0.113214	1	3	2	0.00333333	7.02728e+12	0
0.113214	2	2	1	0.00333333	7.02728e+12	1
0.113214	2	3	2	0.00333333	7.02728e+12	1
0.113214	2	1	3	0.00333333	7.02728e+12	1
0.113214	3	2	1	0.00333333	7.02728e+12	2
0.113214	3	3	2	0.00333333	7.02728e+12	2
0.113214	3	1	3	0.00333333	7.02728e+12	2
0.114214	1	1	3	0.00333333	7.02728e+12	0
0.114214	1	2	1	0.00333333	7.02728e+12	0
0.114214	1	3	2	0.00333333	7.02728e+12	0
0.114214	2	2	1	0.00333333	7.02728e+12	1
0.114214	2	3	2	0.00333333	7.02728e+12	1
0.114214	2	1	3	0.00333333	7.02728e+12	1
0.114214	3	2	1	0.00333333	7.02728e+12	2
0.114214	3	3	2	0.00333333	7.02728e+12	2
0.114214	3	1	3	0.00333333	7.02728e+12	2
0.115214	1	1	3	0.00333333	7.02728e+12	0
0.115214	1	2	1	0.00333333	7.02728e+12	0
0.115214	1	3	2	0.00333333	7.02728e+12	0
0.115214	2	2	1	0.00333333	7.02728e+12	1
0.115214	2	3	2	0.00333333	7.02728e+12	1
0.115214	2	1	3	0.00333333	7.02728e+12	1
0.115214	3	2	1	0.00333333	7.02728e+12	2
0.115214	3	3	2	0.00333333	7.02728e+12	2
0.115214	3	1	3	0.00333333	7.02728e+12	2
0.116214	1	1	3	0.00333333	7.02728e+12	0
0.116214	1	2	1	0.00333333	7.02728e+12	0
0.116214	1	3	2	0.00333333	7.02728e+12	0
0.116214	2	2	1	0.00333333	7.02728e+12	1
0.116214	2	3	2	0.00333333	7.02728e+12	1
0.116214	2	1	3	0.00333333	7.02728e+12	1
0.116214	3	2	1	0.00333333	7.02728e+12	2
0.116214	3	3	2	0.00333333	7.02728e+12	2
0.116214	3	1	3	0.00333333	7.02728e+12	2
0.117214	1	1	3	0.00333333	7.02728e+12	0
0.117214	1	2	1	0.00333333	7.02728e+12	0
0.117214	1	3	2	0.00333333	7.02728e+12	0
0.117214	2	2	1	0.00333333	7.02728e+12	1
0.117214	2	3	2	0.00333333	7.02728e+12	1
0.117214	2	1	3	0.00333333	7.02728e+12	1
0.117214	3	2	1	0.00333333	7.02728e+12	2
0.117214	3	3	2	0.00333333	7.02728e+12	2
0.117214	3	1	3	0.00333333	7.02728e+12	2
0.118214	1	1	3	0.00333333	7.02728e+12	0
0.118214	1	2	1	0.00333333	7.02728e+12	0
0.118214	1	3	2	0.00333333	7.02728e+12	0
0.118214	2	2	1	0.00333333	7.02728e+12	1
0.118214	2	3	2	0.00333333	7.02728e+12	1
0.118214	2	1	3	0.00333333	7.02728e+12	1
0.118214	3	2	1	0.00333333	7.02728e+12	2
0.118214	3	3	2	0.00333333	7.02728e+12	2
0.118214	3	1	3	0.00333333	7.02728e+12	2
0.119214	1	1	3	0.00333333	7.02728e+12	0
0.119214	1	2	1	0.00333333	7.02728e+12	0
0.119214	1	3	2	0.00333333	7.02728e+12	0
0.119214	2	2	1	0.00333333	7.02728e+12	1
0.119214	2	3	2	0.00333333	7.02728e+12	1
0.119214	2	1	3	0.00333333	7.02728e+12	1
0.119214	3	2	1	0.00333333	7.02728e+12	2
0.119214	3	3	2	0.00333333	7.02728e+12	2
0.119214	3	1	3	0.00333333	7.02728e+12	2
0.120214	1	1	3	0.00333333	7.02728e+12	0
0.120214	1	2	1	0.00333333	7.02728e+12	0
0.120214	1	3	2	0.00333333	7.02728e+12	0
0.120214	2	2	1	0.00333333	7.02728e+12	1
0.120214	2	3	2	0.00333333	7.02728e+12	1
0.120214	2	1	3	0.00333333	7.02728e+12	1
0.120214	3	2	1	0.00333333	7.02728e+12	2
0.120214	3	3	2	0.00333333	7.02728e+12	2
0.120214	3	1	3	0.00333333	7.02728e+12	2
0.121214	1	1	3	0.00333333	7.02728e+12	0
0.121214	1	2	1	0.00333333	7.02728e+12	0
0.121214	1	3	2	0.00333333	7.02728e+12	0
0.121214	2	2	1	0.00333333	7.02728e+12	1
0.121214	2	3	2	0.00333333	7.02728e+12	1
0.121214	2	1	3	0.00333333	7.02728e+12	1
0.121214	3	2	1	0.00333333	7.02728e+12	2
0.121214	3	3	2	0.00333333	7.02728e+12	2
0.121214	3	1	3	0.00333333	7.02728e+12	2
0.122214	1	1	3	0.00333333	7.02728e+12	0
0.122214	1	2	1	0.00333333	7.02728e+12	0
0.122214	1	3	2	0.00333333	7.02728e+12	0
0.122214	2	2	1	0.00333333	7.02728e+12	1
0.122214	2	3	2	0.00333333	7.02728e+12	1
0.122214	2	1	3	0.00333333	7.02728e+12	1
0.122214	3	2	1	0.00333333	7.02728e+12	2
0.122214	3	3	2	0.00333333	7.02728e+12	2
0.122214	3	1	3	0.00333333	7.02728e+12	2
0.123214	1	1	3	0.00333333	7.02728e+12	0
0.123214	1	2	1	0.00333333	7.02728e+12	0
0.123214	1	3	2	0.00333333	7.02728e+12	0
0.123214	2	2	1	0.00333333	7.02728e+12	1
0.123214	2	3	2	0.00333333	7.02728e+12	1
0.123214	2	1	3	0.00333333	7.02728e+12	1
0.123214	3	2	1	0.00333333	7.02728e+12	2
0.123214	3	3	2	0.00333333	7.02728e+12	2
0.123214	3	1	3	0.00333333	7.02728e+12	2
0.124214	1	1	3	0.00333333	7.02728e+12	0
0.124214	1	2	1	0.00333333	7.02728e+12	0
0.124214	1	3	2	0.00333333	7.02728e+12	0
0.124214	2	2	1	0.00333333	7.02728e+12	1
0.124214	2	3	2	0.00333333	7.02728e+12	1
0.124214	2	1	3	0.00333333	7.02728e+12	1
0.124214	3	2	1	0.00333333	7.02728e+12	2
0.124214	3	3	2	0.00333333	7.02728e+12	2
0.124214	3	1	3	0.00333333	7.02728e+12	2
0.125214	1	1	3	0.00333333	7.02728e+12	0
0.125214	1	2	1	0.00333333	7.02728e+12	0
0.125214	1	3	2	0.00333333	7.02728e+12	0
0.125214	2	2	1	0.00333333	7.02728e+12	1
0.125214	2	3	2	0.00333333	7.02728e+12	1
0.125214	2	1	3	0.00333333	7.02728e+12	1
0.125214	3	2	1	0.00333333	7.02728e+12	2
0.125214	3	3	2	0.00333333	7.02728e+12	2
0.125214	3	1	3	0.00333333	7.02728e+12	2
0.126214	1	1	3	0.00333333	7.02728e+12	0
0.126214	1	2	1	0.00333333	7.02728e+12	0
0.126214	1	3	2	0.00333333	7.02728e+12	0
0.126214	2	2	1	0.00333333	7.02728e+12	1
0.126214	2	3	2	0.00333333	7.02728e+12	1
0.126214	2	1	3	0.00333333	7.02728e+12	1
0.126214	3	2	1	0.00333333	7.02728e+12	2
0.126214	3	3	2	0.00333333	7.02728e+12	2
0.126214	3	1	3	0.00333333	7.02728e+12	2
0.127214	1	1	3	0.00333333	7.02728e+12	0
0.127214	1	2	1	0.00333333	7.02728e+12	0
0.127214	1	3	2	0.00333333	7.02728e+12	0
0.127214	2	2	1	0.00333333	7.02728e+12	1
0.127214	2	3	2	0.00333333	7.02728e+12	1
0.127214	2	1	3	0.00333333	7.02728e+12	1
0.127214	3	2	1	0.00333333	7.02728e+12	2
0.127214	3	3	2	0.00333333	7.02728e+12	2
0.127214	3	1	3	0.00333333	7.02728e+12	2
0.128214	1	1	3	0.00333333	7.02728e+12	0
0.128214	1	2	1	0.00333333	7.02728e+12	0
0.128214	1	3	2	0.00333333	7.02728e+12	0
0.128214	2	2	1	0.00333333	7.02728e+12	1
0.128214	2	3	2	0.00333333	7.02728e+12	1
0.128214	2	1	3	0.00333333	7.02728e+12	1
0.128214	3	2	1	0.00333333	7.02728e+12	2
0.128214	3	3	2	0.00333333	7.02728e+12	2
0.128214	3	1	3	0.00333333	7.02728e+12	2
0.129214	1	1	3	0.00333333	7.02728e+12	0
0.129214	1	2	1	0.00333333	7.02728e+12	0
0.129214	1	3	2	0.00333333	7.02728e+12	0
0.129214	2	2	1	0.00333333	7.02728e+12	1
0.129214	2	3	2	0.00333333	7.02728e+12	1
0.129214	2	1	3	0.00333333	7.02728e+12	1
0.129214	3	2	1	0.00333333	7.02728e+12	2
0.129214	3	3	2	0.00333333	7.02728e+12	2
0.129214	3	1	3	0.00333333	7.02728e+12	2
0.130214	1	1	3	0.00333333	7.02728e+12	0
0.130214	1	2	1	0.00333333	7.02728e+12	0
0.130214	1	3	2	0.00333333	7.02728e+12	0
0.130214	2	2	1	0.00333333	7.02728e+12	1
0.130214	2	3	2	0.00333333	7.02728e+12	1
0.130214	2	1	3	0.00333333	7.02728e+12	1
0.130214	3	2	1	0.00333333	7.02728e+12	2
0.130214	3	3	2	0.00333333	7.02728e+12	2
0.130214	3	1	3	0.00333333	7.02728e+12	2
0.131214	1	1	3	0.00333333	7.02728e+12	0
0.131214	1	2	1	0.00333333	7.02728e+12	0
0.131214	1	3	2	0.00333333	7.02728e+12	0
0.131214	2	2	1	0.00333333	7.02728e+12	1
0.131214	2	3	2	0.00333333	7.02728e+12	1
0.131214	2	1	3	0.00333333	7.02728e+12	1
0.131214	3	2	1	0.00333333	7.02728e+12	2
0.131214	3	3	2	0.00333333	7.02728e+12	2
0.131214	3	1	3	0.00333333	7.02728e+12	2
0.132214	1	1	3	0.00333333	7.02728e+12	0
0.132214	1	2	1	0.00333333	7.02728e+12	0
0.132214	1	3	2	0.00333333	7.02728e+12	0
0.132214	2	2	1	0.00333333	7.02728e+12	1
0.132214	2	3	2	0.00333333	7.02728e+12	1
0.132214	2	1	3	0.00333333	7.02728e+12	1
0.132214	3	2	1	0.00333333	7.02728e+12	2
0.132214	3	3	2	0.00333333	7.02728e+12	2
0.132214	3	1	3	0.00333333	7.02728e+12	2
0.133214	1	1	3	0.00333333	7.02728e+12	0
0.133214	1	2	1	0.00333333	7.02728e+12	0
0.133214	1	3	2	0.00333333	7.02728e+12	0
0.133214	2	2	1	0.00333333	7.02728e+12	1
0.133214	2	3	2	0.00333333	7.02728e+12	1
0.133214	2	1	3	0.00333333	7.02728e+12	1
0.133214	3	2	1	0.00333333	7.02728e+12	2
0.133214	3	3	2	0.00333333	7.02728e+12	2
0.133214	3	1	3	0.00333333	7.02728e+12	2
0.134214	1	1	3	0.00333333	7.02728e+12	0
0.134214	1	2	1	0.00333333	7.02728e+12	0
0.134214	1	3	2	0.00333333	7.02728e+12	0
0.134214	2	2	1	0.00333333	7.02728e+12	1
0.134214	2	3	2	0.00333333	7.02728e+12	1
0.134214	2	1	3	0.00333333	7.02728e+12	1
0.134214	3	2	1	0.00333333	7.02728e+12	2
0.134214	3	3	2	0.00333333	7.02728e+12	2
0.134214	3	1	3	0.00333333	7.02728e+12	2
0.135214	1	1	3	0.00333333	7.02728e+12	0
0.135214	1	2	1	0.00333333	7.02728e+12	0
0.135214	1	3	2	0.00333333	7.02728e+12	0
0.135214	2	2	1	0.00333333	7.02728e+12	1
0.135214	2	3	2	0.00333333	7.02728e+12	1
0.135214	2	1	3	0.00333333	7.02728e+12	1
0.135214	3	2	1	0.00333333	7.02728e+12	2
0.135214	3	3	2	0.00333333	7.02728e+12	2
0.135214	3	1	3	0.00333333	7.02728e+12	2
0.136214	1	1	3	0.00333333	7.02728e+12	0
0.136214	1	2	1	0.00333333	7.02728e+12	0
0.136214	1	3	2	0.00333333	7.02728e+12	0
0.136214	2	2	1	0.00333333	7.02728e+12	1
0.136214	2	3	2	0.00333333	7.02728e+12	1
0.136214	2	1	3	0.00333333	7.02728e+12	1
0.136214	3	2	1	0.00333333	7.02728e+12	2
0.136214	3	3	2	0.00333333	7.02728e+12	2
0.136214	3	1	3	0.00333333	7.02728e+12	2
0.137214	1	1	3	0.00333333	7.02728e+12	0
0.137214	1	2	1	0.00333333	7.02728e+12	0
0.137214	1	3	2	0.00333333	7.02728e+12	0
0.137214	2	2	1	0.00333333	7.02728e+12	1
0.137214	2	3	2	0.00333333	7.02728e+12	1
0.137214	2	1	3	0.00333333	7.02728e+12	1
0.137214	3	2	1	0.00333333	7.02728e+12	2
0.137214	3	3	2	0.00333333	7.02728e+12	2
0.137214	3	1	3	0.00333333	7.02728e+12	2
0.138214	1	1	3	0.00333333	7.02728e+12	0
0.138214	1	2	1	0.00333333	7.02728e+12	0
0.138214	1	3	2	0.00333333	7.02728e+12	0
0.138214	2	2	1	0.00333333	7.02728e+12	1
0.138214	2	3	2	0.00333333	7.02728e+12	1
0.138214	2	1	3	0.00333333	7.02728e+12	1
0.138214	3	2	1	0.00333333	7.02728e+12	2
0.138214	3	3	2	0.00333333	7.02728e+12	2
0.138214	3	1	3	0.00333333	7.02728e+12	2
0.139214	1	1	3	0.00333333	7.02728e+12	0
0.139214	1	2	1	0.00333333	7.02728e+12	0
0.139214	1	3	2	0.00333333	7.02728e+12	0
0.139214	2	2	1	0.00333333	7.02728e+12	1
0.139214	2	3	2	0.00333333	7.02728e+12	1
0.139214	2	1	3	0.00333333	7.02728e+12	1
0.139214	3	2	1	0.00333333	7.02728e+12	2
0.139214	3	3	2	0.00333333	7.02728e+12	2
0.139214	3	1	3	0.00333333	7.02728e+12	2
0.140214	1	1	3	0.00333333	7.02728e+12	0
0.140214	1	2	1	0.00333333	7.02728e+12	0
0.140214	1	3	2	0.00333333	7.02728e+12	0
0.140214	2	2	1	0.00333333	7.02728e+12	1
0.140214	2	3	2	0.00333333	7.02728e+12	1
0.140214	2	1	3	0.00333333	7.02728e+12	1
0.140214	3	2	1	0.00333333	7.02728e+12	2
0.140214	3	3	2	0.00333333	7.02728e+12	2
0.140214	3	1	3	0.00333333	7.02728e+12	2
0.141214	1	1	3	0.00333333	7.02728e+12	0
0.141214	1	2	1	0.00333333	7.02728e+12	0
0.141214	1	3	2	0.00333333	7.02728e+12	0
0.141214	2	2	1	0.00333333	7.02728e+12	1
0.141214	2	3	2	0.00333333	7.02728e+12	1
0.141214	2	1	3	0.00333333	7.02728e+12	1
0.141214	3	2	1	0.00333333	7.02728e+12	2
0.141214	3	3	2	0.00333333	7.02728e+12	2
0.141214	3	1	3	0.00333333	7.02728e+12	2
0.142214	1	1	3	0.00333333	7.02728e+12	0
0.142214	1	2	1	0.00333333	7.02728e+12	0
0.142214	1	3	2	0.00333333	7.02728e+12	0
0.142214	2	2	1	0.00333333	7.02728e+12	1
0.142214	2	3	2	0.00333333	7.02728e+12	1
0.142214	2	1	3	0.00333333	7.02728e+12	1
0.142214	3	2	1	0.00333333	7.02728e+12	2
0.142214	3	3	2	0.00333333	7.02728e+12	2
0.142214	3	1	3	0.00333333	7.02728e+12	2
0.143214	1	1	3	0.00333333	7.02728e+12	0
0.143214	1	2	1	0.00333333	7.02728e+12	0
0.143214	1	3	2	0.00333333	7.02728e+12	0
0.143214	2	2	1	0.00333333	7.02728e+12	1
0.143214	2	3	2	0.00333333	7.02728e+12	1
0.143214	2	1	3	0.00333333	7.02728e+12	1
0.143214	3	2	1	0.00333333	7.02728e+12	2
0.143214	3	3	2	0.00333333	7.02728e+12	2
0.143214	3	1	3	0.00333333	7.02728e+12	2
0.144214	1	1	3	0.00333333	7.02728e+12	0
0.144214	1	2	1	0.00333333	7.02728e+12	0
0.144214	1	3	2	0.00333333	7.02728e+12	0
0.144214	2	2	1	0.00333333	7.02728e+12	1
0.144214	2	3	2	0.00333333	7.02728e+12	1
0.144214	2	1	3	0.00333333	7.02728e+12	1
0.144214	3	2	1	0.00333333	7.02728e+12	2
0.144214	3	3	2	0.00333333	7.02728e+12	2
0.144214	3	1	3	0.00333333	7.02728e+12	2
0.145214	1	1	3	0.00333333	7.02728e+12	0
0.145214	1	2	1	0.00333333	7.02728e+12	0
0.145214	1	3	2	0.00333333	7.02728e+12	0
0.145214	2	2	1	0.00333333	7.02728e+12	1
0.145214	2	3	2	0.00333333	7.02728e+12	1
0.145214	2	1	3	0.00333333	7.02728e+12	1
0.145214	3	2	1	0.00333333	7.02728e+12	2
0.145214	3	3	2	0.00333333	7.02728e+12	2
0.145214	3	1	3	0.00333333	7.02728e+12	2
0.146214	1	1	3	0.00333333	7.02728e+12	0
0.146214	1	2	1	0.00333333	7.02728e+12	0
0.146214	1	3	2	0.00333333	7.02728e+12	0
0.146214	2	2	1	0.00333333	7.02728e+12	1
0.146214	2	3	2	0.00333333	7.02728e+12	1
0.146214	2	1	3	0.00333333	7.02728e+12	1
0.146214	3	2	1	0.00333333	7.02728e+12	2
0.146214	3	3	2	0.00333333	7.02728e+12	2
0.146214	3	1	3	0.00333333	7.02728e+12	2
0.147214	1	1	3	0.00333333	7.02728e+12	0
0.147214	1	2	1	0.00333333	7.02728e+12	0
0.147214	1	3	2	0.00333333	7.02728e+12	0
0.147214	2	2	1	0.00333333	7.02728e+12	1
0.147214	2	3	2	0.00333333	7.02728e+12	1
0.147214	2	1	3	0.00333333	7.02728e+12	1
0.147214	3	2	1	0.00333333	7.02728e+12	2
0.147214	3	3	2	0.00333333	7.02728e+12	2
0.147214	3	1	3	0.00333333	7.02728e+12	2
0.148214	1	1	3	0.00333333	7.02728e+12	0
0.148214	1	2	1	0.00333333	7.02728e+12	0
0.148214	1	3	2	0.00333333	7.02728e+12	0
0.148214	2	2	1	0.00333333	7.02728e+12	1
0.148214	2	3	2	0.00333333	7.02728e+12	1
0.148214	2	1	3	0.00333333	7.02728e+12	1
0.148214	3	2	1	0.00333333	7.02728e+12	2
0.148214	3	3	2	0.00333333	7.02728e+12	2
0.148214	3	1	3	0.00333333	7.02728e+12	2
0.149214	1	1	3	0.00333333	7.02728e+12	0
0.149214	1	2	1	0.00333333	7.02728e+12	0
0.149214	1	3	2	0.00333333	7.02728e+12	0
0.149214	2	2	1	0.00333333	7.02728e+12	1
0.149214	2	3	2	0.00333333	7.02728e+12	1
0.149214	2	1	3	0.00333333	7.02728e+12	1
0.149214	3	2	1	0.00333333	7.02728e+12	2
0.149214	3	3	2	0.00333333	7.02728e+12	2
0.149214	3	1	3	0.00333333	7.02728e+12	2
0.150214	1	1	3	0.00333333	7.02728e+12	0
0.150214	1	2	1	0.00333333	7.02728e+12	0
0.150214	1	3	2	0.00333333	7.02728e+12	0
0.150214	2	2	1	0.00333333	7.02728e+12	1
0.150214	2	3	2	0.00333333	7.02728e+12	1
0.150214	2	1	3	0.00333333	7.02728e+12	1
0.150214	3	2	1	0.00333333	7.02728e+12	2
0.150214	3	3	2	0.00333333	7.02728e+12	2
0.150214	3	1	3	0.00333333	7.02728e+12	2
0.151214	1	1	3	0.00333333	7.02728e+12	0
0.151214	1	2	1	0.00333333	7.02728e+12	0
0.151214	1	3	2	0.00333333	7.02728e+12	0
0.151214	2	2	1	0.00333333	7.02728e+12	1
0.151214	2	3	2	0.00333333	7.02728e+12	1
0.151214	2	1	3	0.00333333	7.02728e+12	1
0.151214	3	2	1	0.00333333	7.02728e+12	2
0.151214	3	3	2	0.00333333	7.02728e+12	2
0.151214	3	1	3	0.00333333	7.02728e+12	2
0.152214	1	1	3	0.00333333	7.02728e+12	0
0.152214	1	2	1	0.00333333	7.02728e+12	0
0.152214	1	3	2	0.00333333	7.02728e+12	0
0.152214	2	2	1	0.00333333	7.02728e+12	1
0.152214	2	3	2	0.00333333	7.02728e+12	1
0.152214	2	1	3	0.00333333	7.02728e+12	1
0.152214	3	2	1	0.00333333	7.02728e+12	2
0.152214	3	3	2	0.00333333	7.02728e+12	2
0.152214	3	1	3	0.00333333	7.02728e+12	2
0.153214	1	1	3	0.00333333	7.02728e+12	0
0.153214	1	2	1	0.00333333	7.02728e+12	0
0.153214	1	3	2	0.00333333	7.02728e+12	0
0.153214	2	2	1	0.00333333	7.02728e+12	1
0.153214	2	3	2	0.00333333	7.02728e+12	1
0.153214	2	1	3	0.00333333	7.02728e+12	1
0.153214	3	2	1	0.00333333	7.02728e+12	2
0.153214	3	3	2	0.00333333	7.02728e+12	2
0.153214	3	1	3	0.00333333	7.02728e+12	2
0.154214	1	1	3	0.00333333	7.02728e+12	0
0.154214	1	2	1	0.00333333	7.02728e+12	0
0.154214	1	3	2	0.00333333	7.02728e+12	0
0.154214	2	2	1	0.00333333	7.02728e+12	1
0.154214	2	3	2	0.00333333	7.02728e+12	1
0.154214	2	1	3	0.00333333	7.02728e+12	1
0.154214	3	2	1	0.00333333	7.02728e+12	2
0.154214	3	3	2	0.00333333	7.02728e+12	2
0.154214	3	1	3	0.00333333	7.02728e+12	2
0.155214	1	1	3	0.00333333	7.02728e+12	0
0.155214	1	2	1	0.00333333	7.02728e+12	0
0.155214	1	3	2	0.00333333	7.02728e+12	0
0.155214	2	2	1	0.00333333	7.02728e+12	1
0.155214	2	3	2	0.00333333	7.02728e+12	1
0.155214	2	1	3	0.00333333	7.02728e+12	1
0.155214	3	2	1	0.00333333	7.02728e+12	2
0.155214	3	3	2	0.00333333	7.02728e+12	2
0.155214	3	1	3	0.00333333	7.02728e+12	2
0.156214	1	1	3	0.00333333	7.02728e+12	0
0.156214	1	2	1	0.00333333	7.02728e+12	0
0.156214	1	3	2	0.00333333	7.02728e+12	0
0.156214	2	2	1	0.00333333	7.02728e+12	1
0.156214	2	3	2	0.00333333	7.02728e+12	1
0.156214	2	1	3	0.00333333	7.02728e+12	1
0.156214	3	2	1	0.00333333	7.02728e+12	2
0.156214	3	3	2	0.00333333	7.02728e+12	2
0.156214	3	1	3	0.00333333	7.02728e+12	2
0.157214	1	1	3	0.00333333	7.02728e+12	0
0.157214	1	2	1	0.00333333	7.02728e+12	0
0.157214	1	3	2	0.00333333	7.02728e+12	0
0.157214	2	2	1	0.00333333	7.02728e+12	1
0.157214	2	3	2	0.00333333	7.02728e+12	1
0.157214	2	1	3	0.00333333	7.02728e+12	1
0.157214	3	2	1	0.00333333	7.02728e+12	2
0.157214	3	3	2	0.00333333	7.02728e+12	2
0.157214	3	1	3	0.00333333	7.02728e+12	2
0.158214	1	1	3	0.00333333	7.02728e+12	0
0.158214	1	2	1	0.00333333	7.02728e+12	0
0.158214	1	3	2	0.00333333	7.02728e+12	0
0.158214	2	2	1	0.00333333	7.02728e+12	1
0.158214	2	3	2	0.00333333	7.02728e+12	1
0.158214	2	1	3	0.00333333	7.02728e+12	1
0.158214	3	2	1	0.00333333	7.02728e+12	2
0.158214	3	3	2	0.00333333	7.02728e+12	2
0.158214	3	1	3	0.00333333	7.02728e+12	2
0.159214	1	1	3	0.00333333	7.02728e+12	0
0.159214	1	2	1	0.00333333	7.02728e+12	0
0.159214	1	3	2	0.00333333	7.02728e+12	0
0.159214	2	2	1	0.00333333	7.02728e+12	1
0.159214	2	3	2	0.00333333	7.02728e+12	1
0.159214	2	1	3	0.00333333	7.02728e+12	1
0.159214	3	2	1	0.00333333	7.02728e+12	2
0.159214	3	3	2	0.00333333	7.02728e+12	2
0.159214	3	1	3	0.00333333	7.02728e+12	2
0.160214	1	1	3	0.00333333	7.02728e+12	0
0.160214	1	2	1	0.00333333	7.02728e+12	0
0.160214	1	3	2	0.00333333	7.02728e+12	0
0.160214	2	2	1	0.00333333	7.02728e+12	1
0.160214	2	3	2	0.00333333	7.02728e+12	1
0.160214	2	1	3	0.00333333	7.02728e+12	1
0.160214	3	2	1	0.00333333	7.02728e+12	2
0.160214	3	3	2	0.00333333	7.02728e+12	2
0.160214	3	1	3	0.00333333	7.02728e+12	2
0.161214	1	1	3	0.00333333	7.02728e+12	0
0.161214	1	2	1	0.00333333	7.02728e+12	0
0.161214	1	3	2	0.00333333	7.02728e+12	0
0.161214	2	2	1	0.00333333	7.02728e+12	1
0.161214	2	3	2	0.00333333	7.02728e+12	1
0.161214	2	1	3	0.00333333	7.02728e+12	1
0.161214	3	2	1	0.00333333	7.02728e+12	2
0.161214	3	3	2	0.00333333	7.02728e+12	2
0.161214	3	1	3	0.00333333	7.02728e+12	2
0.162214	1	1	3	0.00333333	7.02728e+12	0
0.162214	1	2	1	0.00333333	7.02728e+12	0
0.162214	1	3	2	0.00333333	7.02728e+12	0
0.162214	2	2	1	0.00333333	7.02728e+12	1
0.162214	2	3	2	0.00333333	7.02728e+12	1
0.162214	2	1	3	0.00333333	7.02728e+12	1
0.162214	3	2	1	0.00333333	7.02728e+12	2
0.162214	3	3	2	0.00333333	7.02728e+12	2
0.162214	3	1	3	0.00333333	7.02728e+12	2
0.163214	1	1	3	0.00333333	7.02728e+12	0
0.163214	1	2	1	0.00333333	7.02728e+12	0
0.163214	1	3	2	0.00333333	7.02728e+12	0
0.163214	2	2	1	0.00333333	7.02728e+12	1
0.163214	2	3	2	0.00333333	7.02728e+12	1
0.163214	2	1	3	0.00333333	7.02728e+12	1
0.163214	3	2	1	0.00333333	7.02728e+12	2
0.163214	3	3	2	0.00333333	7.02728e+12	2
0.163214	3	1	3	0.00333333	7.02728e+12	2
0.164214	1	1	3	0.00333333	7.02728e+12	0
0.164214	1	2	1	0.00333333	7.02728e+12	0
0.164214	1	3	2	0.00333333	7.02728e+12	0
0.164214	2	2	1	0.00333333	7.02728e+12	1
0.164214	2	3	2	0.00333333	7.02728e+12	1
0.164214	2	1	3	0.00333333	7.02728e+12	1
0.164214	3	2	1	0.00333333	7.02728e+12	2
0.164214	3	3	2	0.00333333	7.02728e+12	2
0.164214	3	1	3	0.00333333	7.02728e+12	2
0.165214	1	1	3	0.00333333	7.02728e+12	0
0.165214	1	2	1	0.00333333	7.02728e+12	0
0.165214	1	3	2	0.00333333	7.02728e+12	0
0.165214	2	2	1	0.00333333	7.02728e+12	1
0.165214	2	3	2	0.00333333	7.02728e+12	1
0.165214	2	1	3	0.00333333	7.02728e+12	1
0.165214	3	2	1	0.00333333	7.02728e+12	2
0.165214	3	3	2	0.00333333	7.02728e+12	2
0.165214	3	1	3	0.00333333	7.02728e+12	2
0.166214	1	1	3	0.00333333	7.02728e+12	0
0.166214	1	2	1	0.00333333	7.02728e+12	0
0.166214	1	3	2	0.00333333	7.02728e+12	0
0.166214	2	2	1	0.00333333	7.02728e+12	1
0.166214	2	3	2	0.00333333	7.02728e+12	1
0.166214	2	1	3	0.00333333	7.02728e+12	1
0.166214	3	2	1	0.00333333	7.02728e+12	2
0.166214	3	3	2	0.00333333	7.02728e+12	2
0.166214	3	1	3	0.00333333	7.02728e+12	2
0.167214	1	1	3	0.00333333	7.02728e+12	0
0.167214	1	2	1	0.00333333	7.02728e+12	0
0.167214	1	3	2	0.00333333	7.02728e+12	0
0.167214	2	2	1	0.00333333	7.02728e+12	1
0.167214	2	3	2	0.00333333	7.02728e+12	1
0.167214	2	1	3	0.00333333	7.02728e+12	1
0.167214	3	2	1	0.00333333	7.02728e+12	2
0.167214	3	3	2	0.00333333	7.02728e+12	2
0.167214	3	1	3	0.00333333	7.02728e+12	2
0.168214	1	1	3	0.00333333	7.02728e+12	0
0.168214	1	2	1	0.00333333	7.02728e+12	0
0.168214	1	3	2	0.00333333	7.02728e+12	0
0.168214	2	2	1	0.00333333	7.02728e+12	1
0.168214	2	3	2	0.00333333	7.02728e+12	1
0.168214	2	1	3	0.00333333	7.02728e+12	1
0.168214	3	2	1	0.00333333	7.02728e+12	2
0.168214	3	3	2	0.00333333	7.02728e+12	2
0.168214	3	1	3	0.00333333	7.02728e+12	2
0.169214	1	1	3	0.00333333	7.02728e+12	0
0.169214	1	2	1	0.00333333	7.02728e+12	0
0.169214	1	3	2	0.00333333	7.02728e+12	0
0.169214	2	2	1	0.00333333	7.02728e+12	1
0.169214	2	3	2	0.00333333	7.02728e+12	1
0.169214	2	1	3	0.00333333	7.02728e+12	1
0.169214	3	2	1	0.00333333	7.02728e+12	2
0.169214	3	3	2	0.00333333	7.02728e+12	2
0.169214	3	1	3	0.00333333	7.02728e+12	2
0.170214	1	1	3	0.00333333	7.02728e+12	0
0.170214	1	2	1	0.00333333	7.02728e+12	0
0.170214	1	3	2	0.00333333	7.02728e+12	0
0.170214	2	2	1	0.00333333	7.02728e+12	1
0.170214	2	3	2	0.00333333	7.02728e+12	1
0.170214	2	1	3	0.00333333	7.02728e+12	1
0.170214	3	2	1	0.00333333	7.02728e+12	2
0.170214	3	3	2	0.00333333	7.02728e+12	2
0.170214	3	1	3	0.00333333	7.02728e+12	2
0.171214	1	1	3	0.00333333	7.02728e+12	0
0.171214	1	2	1	0.00333333	7.02728e+12	0
0.171214	1	3	2	0.00333333	7.02728e+12	0
0.171214	2	2	1	0.00333333	7.02728e+12	1
0.171214	2	3	2	0.00333333	7.02728e+12	1
0.171214	2	1	3	0.00333333	7.02728e+12	1
0.171214	3	2	1	0.00333333	7.02728e+12	2
0.171214	3	3	2	0.00333333	7.02728e+12	2
0.171214	3	1	3	0.00333333	7.02728e+12	2
0.172214	1	1	3	0.00333333	7.02728e+12	0
0.172214	1	2	1	0.00333333	7.02728e+12	0
0.172214	1	3	2	0.00333333	7.02728e+12	0
0.172214	2	2	1	0.00333333	7.02728e+12	1
0.172214	2	3	2	0.00333333	7.02728e+12	1
0.172214	2	1	3	0.00333333	7.02728e+12	1
0.172214	3	2	1	0.00333333	7.02728e+12	2
0.172214	3	3	2	0.00333333	7.02728e+12	2
0.172214	3	1	3	0.00333333	7.02728e+12	2
0.173214	1	1	3	0.00333333	7.02728e+12	0
0.173214	1	2	1	0.00333333	7.02728e+12	0
0.173214	1	3	2	0.00333333	7.02728e+12	0
0.173214	2	2	1	0.00333333	7.02728e+12	1
0.173214	2	3	2	0.00333333	7.02728e+12	1
0.173214	2	1	3	0.00333333	7.02728e+12	1
0.173214	3	2	1	0.00333333	7.02728e+12	2
0.173214	3	3	2	0.00333333	7.02728e+12	2
0.173214	3	1	3	0.00333333	7.02728e+12	2
0.174214	1	1	3	0.00333333	7.02728e+12	0
0.174214	1	2	1	0.00333333	7.02728e+12	0
0.174214	1	3	2	0.00333333	7.02728e+12	0
0.174214	2	2	1	0.00333333	7.02728e+12	1
0.174214	2	3	2	0.00333333	7.02728e+12	1
0.174214	2	1	3	0.00333333	7.02728e+12	1
0.174214	3	2	1	0.00333333	7.02728e+12	2
0.174214	3	3	2	0.00333333	7.02728e+12	2
0.174214	3	1	3	0.00333333	7.02728e+12	2
0.175214	1	1	3	0.00333333	7.02728e+12	0
0.175214	1	2	1	0.00333333	7.02728e+12	0
0.175214	1	3	2	0.00333333	7.02728e+12	0
0.175214	2	2	1	0.00333333	7.02728e+12	1
0.175214	2	3	2	0.00333333	7.02728e+12	1
0.175214	2	1	3	0.00333333	7.02728e+12	1
0.175214	3	2	1	0.00333333	7.02728e+12	2
0.175214	3	3	2	0.00333333	7.02728e+12	2
0.175214	3	1	3	0.00333333	7.02728e+12	2
0.176214	1	1	3	0.00333333	7.02728e+12	0
0.176214	1	2	1	0.00333333	7.02728e+12	0
0.176214	1	3	2	0.00333333	7.02728e+12	0
0.176214	2	2	1	0.00333333	7.02728e+12	1
0.176214	2	3	2	0.00333333	7.02728e+12	1
0.176214	2	1	3	0.00333333	7.02728e+12	1
0.176214	3	2	1	0.00333333	7.02728e+12	2
0.176214	3	3	2	0.00333333	7.02728e+12	2
0.176214	3	1	3	0.00333333	7.02728e+12	2
0.177214	1	1	3	0.00333333	7.02728e+12	0
0.177214	1	2	1	0.00333333	7.02728e+12	0
0.177214	1	3	2	0.00333333	7.02728e+12	0
0.177214	2	2	1	0.00333333	7.02728e+12	1
0.177214	2	3	2	0.00333333	7.02728e+12	1
0.177214	2	1	3	0.00333333	7.02728e+12	1
0.177214	3	2	1	0.00333333	7.02728e+12	2
0.177214	3	3	2	0.00333333	7.02728e+12	2
0.177214	3	1	3	0.00333333	7.02728e+12	2
0.178214	1	1	3	0.00333333	7.02728e+12	0
0.178214	1	2	1	0.00333333	7.02728e+12	0
0.178214	1	3	2	0.00333333	7.02728e+12	0
0.178214	2	2	1	0.00333333	7.02728e+12	1
0.178214	2	3	2	0.00333333	7.02728e+12	1
0.178214	2	1	3	0.00333333	7.02728e+12	1
0.178214	3	2	1	0.00333333	7.02728e+12	2
0.178214	3	3	2	0.00333333	7.02728e+12	2
0.178214	3	1	3	0.00333333	7.02728e+12	2
0.179214	1	1	3	0.00333333	7.02728e+12	0
0.179214	1	2	1	0.00333333	7.02728e+12	0
0.179214	1	3	2	0.00333333	7.02728e+12	0
0.179214	2	2	1	0.00333333	7.02728e+12	1
0.179214	2	3	2	0.00333333	7.02728e+12	1
0.179214	2	1	3	0.00333333	7.02728e+12	1
0.179214	3	2	1	0.00333333	7.02728e+12	2
0.179214	3	3	2	0.00333333	7.02728e+12	2
0.179214	3	1	3	0.00333333	7.02728e+12	2
0.180214	1	1	3	0.00333333	7.02728e+12	0
0.180214	1	2	1	0.00333333	7.02728e+12	0
0.180214	1	3	2	0.00333333	7.02728e+12	0
0.180214	2	2	1	0.00333333	7.02728e+12	1
0.180214	2	3	2	0.00333333	7.02728e+12	1
0.180214	2	1	3	0.00333333	7.02728e+12	1
0.180214	3	2	1	0.00333333	7.02728e+12	2
0.180214	3	3	2	0.00333333	7.02728e+12	2
0.180214	3	1	3	0.00333333	7.02728e+12	2
0.181214	1	1	3	0.00333333	7.02728e+12	0
0.181214	1	2	1	0.00333333	7.02728e+12	0
0.181214	1	3	2	0.00333333	7.02728e+12	0
0.181214	2	2	1	0.00333333	7.02728e+12	1
0.181214	2	3	2	0.00333333	7.02728e+12	1
0.181214	2	1	3	0.00333333	7.02728e+12	1
0.181214	3	2	1	0.00333333	7.02728e+12	2
0.181214	3	3	2	0.00333333	7.02728e+12	2
0.181214	3	1	3	0.00333333	7.02728e+12	2
0.182214	1	1	3	0.00333333	7.02728e+12	0
0.182214	1	2	1	0.00333333	7.02728e+12	0
0.182214	1	3	2	0.00333333	7.02728e+12	0
0.182214	2	2	1	0.00333333	7.02728e+12	1
0.182214	2	3	2	0.00333333	7.02728e+12	1
0.182214	2	1	3	0.00333333	7.02728e+12	1
0.182214	3	2	1	0.00333333	7.02728e+12	2
0.182214	3	3	2	0.00333333	7.02728e+12	2
0.182214	3	1	3	0.00333333	7.02728e+12	2
0.183214	1	1	3	0.00333333	7.02728e+12	0
0.183214	1	2	1	0.00333333	7.02728e+12	0
0.183214	1	3	2	0.00333333	7.02728e+12	0
0.183214	2	2	1	0.00333333	7.02728e+12	1
0.183214	2	3	2	0.00333333	7.02728e+12	1
0.183214	2	1	3	0.00333333	7.02728e+12	1
0.183214	3	2	1	0.00333333	7.02728e+12	2
0.183214	3	3	2	0.00333333	7.02728e+12	2
0.183214	3	1	3	0.00333333	7.02728e+12	2
0.184214	1	1	3	0.00333333	7.02728e+12	0
0.184214	1	2	1	0.00333333	7.02728e+12	0
0.184214	1	3	2	0.00333333	7.02728e+12	0
0.184214	2	2	1	0.00333333	7.02728e+12	1
0.184214	2	3	2	0.00333333	7.02728e+12	1
0.184214	2	1	3	0.00333333	7.02728e+12	1
0.184214	3	2	1	0.00333333	7.02728e+12	2
0.184214	3	3	2	0.00333333	7.02728e+12	2
0.184214	3	1	3	0.00333333	7.02728e+12	2
0.185214	1	1	3	0.00333333	7.02728e+12	0
0.185214	1	2	1	0.00333333	7.02728e+12	0
0.185214	1	3	2	0.00333333	7.02728e+12	0
0.185214	2	2	1	0.00333333	7.02728e+12	1
0.185214	2	3	2	0.00333333	7.02728e+12	1
0.185214	2	1	3	0.00333333	7.02728e+12	1
0.185214	3	2	1	0.00333333	7.02728e+12	2
0.185214	3	3	2	0.00333333	7.02728e+12	2
0.185214	3	1	3	0.00333333	7.02728e+12	2
0.186214	1	1	3	0.00333333	7.02728e+12	0
0.186214	1	2	1	0.00333333	7.02728e+12	0
0.186214	1	3	2	0.00333333	7.02728e+12	0
0.186214	2	2	1	0.00333333	7.02728e+12	1
0.186214	2	3	2	0.00333333	7.02728e+12	1
0.186214	2	1	3	0.00333333	7.02728e+12	1
0.186214	3	2	1	0.00333333	7.02728e+12	2
0.186214	3	3	2	0.00333333	7.02728e+12	2
0.186214	3	1	3	0.00333333	7.02728e+12	2
0.187214	1	1	3	0.00333333	7.02728e+12	0
0.187214	1	2	1	0.00333333	7.02728e+12	0
0.187214	1	3	2	0.00333333	7.02728e+12	0
0.187214	2	2	1	0.00333333	7.02728e+12	1
0.187214	2	3	2	0.00333333	7.02728e+12	1
0.187214	2	1	3	0.00333333	7.02728e+12	1
0.187214	3	2	1	0.00333333	7.02728e+12	2
0.187214	3	3	2	0.00333333	7.02728e+12	2
0.187214	3	1	3	0.00333333	7.02728e+12	2
0.188214	1	1	3	0.00333333	7.02728e+12	0
0.188214	1	2	1	0.00333333	7.02728e+12	0
0.188214	1	3	2	0.00333333	7.02728e+12	0
0.188214	2	2	1	0.00333333	7.02728e+12	1
0.188214	2	3	2	0.00333333	7.02728e+12	1
0.188214	2	1	3	0.00333333	7.02728e+12	1
0.188214	3	2	1	0.00333333	7.02728e+12	2
0.188214	3	3	2	0.00333333	7.02728e+12	2
0.188214	3	1	3	0.00333333	7.02728e+12	2
0.189214	1	1	3	0.00333333	7.02728e+12	0
0.189214	1	2	1	0.00333333	7.02728e+12	0
0.189214	1	3	2	0.00333333	7.02728e+12	0
0.189214	2	2	1	0.00333333	7.02728e+12	1
0.189214	2	3	2	0.00333333	7.02728e+12	1
0.189214	2	1	3	0.00333333	7.02728e+12	1
0.189214	3	2	1	0.00333333	7.02728e+12	2
0.189214	3	3	2	0.00333333	7.02728e+12	2
0.189214	3	1	3	0.00333333	7.02728e+12	2
0.190214	1	1	3	0.00333333	7.02728e+12	0
0.190214	1	2	1	0.00333333	7.02728e+12	0
0.190214	1	3	2	0.00333333	7.02728e+12	0
0.190214	2	2	1	0.00333333	7.02728e+12	1
0.190214	2	3	2	0.00333333	7.02728e+12	1
0.190214	2	1	3	0.00333333	7.02728e+12	1
0.190214	3	2	1	0.00333333	7.02728e+12	2
0.190214	3	3	2	0.00333333	7.02728e+12	2
0.190214	3	1	3	0.00333333	7.02728e+12	2
0.191214	1	1	3	0.00333333	7.02728e+12	0
0.191214	1	2	1	0.00333333	7.02728e+12	0
0.191214	1	3	2	0.00333333	7.02728e+12	0
0.191214	2	2	1	0.00333333	7.02728e+12	1
0.191214	2	3	2	0.00333333	7.02728e+12	1
0.191214	2	1	3	0.00333333	7.02728e+12	1
0.191214	3	2	1	0.00333333	7.02728e+12	2
0.191214	3	3	2	0.00333333	7.02728e+12	2
0.191214	3	1	3	0.00333333	7.02728e+12	2
0.192214	1	1	3	0.00333333	7.02728e+12	0
0.192214	1	2	1	0.00333333	7.02728e+12	0
0.192214	1	3	2	0.00333333	7.02728e+12	0
0.192214	2	2	1	0.00333333	7.02728e+12	1
0.192214	2	3	2	0.00333333	7.02728e+12	1
0.192214	2	1	3	0.00333333	7.02728e+12	1
0.192214	3	2	1	0.00333333	7.02728e+12	2
0.192214	3	3	2	0.00333333	7.02728e+12	2
0.192214	3	1	3	0.00333333	7.02728e+12	2
0.193214	1	1	3	0.00333333	7.02728e+12	0
0.193214	1	2	1	0.00333333	7.02728e+12	0
0.193214	1	3	2	0.00333333	7.02728e+12	0
0.193214	2	2	1	0.00333333	7.02728e+12	1
0.193214	2	3	2	0.00333333	7.02728e+12	1
0.193214	2	1	3	0.00333333	7.02728e+12	1
0.193214	3	2	1	0.00333333	7.02728e+12	2
0.193214	3	3	2	0.00333333	7.02728e+12	2
0.193214	3	1	3	0.00333333	7.02728e+12	2
0.194214	1	1	3	0.00333333	7.02728e+12	0
0.194214	1	2	1	0.00333333	7.02728e+12	0
0.194214	1	3	2	0.00333333	7.02728e+12	0
0.194214	2	2	1	0.00333333	7.02728e+12	1
0.194214	2	3	2	0.00333333	7.02728e+12	1
0.194214	2	1	3	0.00333333	7.02728e+12	1
0.194214	3	2	1	0.00333333	7.02728e+12	2
0.194214	3	3	2	0.00333333	7.02728e+12	2
0.194214	3	1	3	0.00333333	7.02728e+12	2
0.195214	1	1	3	0.00333333	7.02728e+12	0
0.195214	1	2	1	0.00333333	7.02728e+12	0
0.195214	1	3	2	0.00333333	7.02728e+12	0
0.195214	2	2	1	0.00333333	7.02728e+12	1
