% start	end	CellId	IMSI	RNTI	LCID	nTxPDUs	TxBytes	nRxPDUs	RxBytes	delay	stdDev	min	max	PduSize	stdDev	min	max
0	0.25	1	1	24	3	0	0	96	1728	0.00471429	0	0.00471429	0.00471429	18	0	18	18	
0	0.25	1	2	11	3	0	0	103	1854	0.00471429	0	0.00471429	0.00471429	18	0	18	18	
0	0.25	1	3	10	3	0	0	103	1854	0.00471429	0	0.00471429	0.00471429	18	0	18	18	
0	0.25	1	4	22	3	0	0	97	1746	0.00471429	0	0.00471429	0.00471429	18	0	18	18	
0	0.25	1	5	4	3	0	0	119	2146	0.00471429	0	0.00471429	0.00471429	18.0336	0.180994	18	19	
0	0.25	1	6	12	3	0	0	102	1836	0.00471429	0	0.00471429	0.00471429	18	0	18	18	
0	0.25	1	7	1	3	0	0	119	2146	0.00471429	0	0.00471429	0.00471429	18.0336	0.180994	18	19	
0	0.25	1	8	2	3	0	0	119	2146	0.00471429	0	0.00471429	0.00471429	18.0336	0.180994	18	19	
0	0.25	1	9	21	3	0	0	98	1764	0.00471429	0	0.00471429	0.00471429	18	0	18	18	
0	0.25	1	10	23	3	0	0	97	1746	0.00471429	0	0.00471429	0.00471429	18	0	18	18	
0	0.25	1	11	9	3	0	0	104	1872	0.00471429	0	0.00471429	0.00471429	18	0	18	18	
0	0.25	1	12	20	3	0	0	98	1764	0.00471429	0	0.00471429	0.00471429	18	0	18	18	
0	0.25	1	13	3	3	0	0	119	2146	0.00471429	0	0.00471429	0.00471429	18.0336	0.180994	18	19	
0	0.25	1	14	19	3	0	0	98	1764	0.00471429	0	0.00471429	0.00471429	18	0	18	18	
0	0.25	1	15	18	3	0	0	99	1782	0.00471429	0	0.00471429	0.00471429	18	0	18	18	
0.25	0.5	1	1	24	3	0	0	133	2394	0.00471429	0	0.00471429	0.00471429	18	0	18	18	
0.25	0.5	1	2	11	3	0	0	134	2412	0.00471429	0	0.00471429	0.00471429	18	0	18	18	
0.25	0.5	1	3	10	3	0	0	134	2412	0.00471429	0	0.00471429	0.00471429	18	0	18	18	
0.25	0.5	1	4	22	3	0	0	133	2394	0.00471429	0	0.00471429	0.00471429	18	0	18	18	
0.25	0.5	1	5	4	3	0	0	133	2394	0.00471429	0	0.00471429	0.00471429	18	0	18	18	
0.25	0.5	1	6	12	3	0	0	134	2412	0.00471429	0	0.00471429	0.00471429	18	0	18	18	
0.25	0.5	1	7	1	3	0	0	133	2394	0.00471429	0	0.00471429	0.00471429	18	0	18	18	
0.25	0.5	1	8	2	3	0	0	133	2394	0.00471429	0	0.00471429	0.00471429	18	0	18	18	
0.25	0.5	1	9	21	3	0	0	133	2394	0.00471429	0	0.00471429	0.00471429	18	0	18	18	
0.25	0.5	1	10	23	3	0	0	133	2394	0.00471429	0	0.00471429	0.00471429	18	0	18	18	
0.25	0.5	1	11	9	3	0	0	133	2394	0.00471429	0	0.00471429	0.00471429	18	0	18	18	
0.25	0.5	1	12	20	3	0	0	133	2394	0.00471429	0	0.00471429	0.00471429	18	0	18	18	
0.25	0.5	1	13	3	3	0	0	133	2394	0.00471429	0	0.00471429	0.00471429	18	0	18	18	
0.25	0.5	1	14	19	3	0	0	134	2412	0.00471429	0	0.00471429	0.00471429	18	0	18	18	
0.25	0.5	1	15	18	3	0	0	134	2412	0.00471429	0	0.00471429	0.00471429	18	0	18	18	
0.5	0.75	1	1	24	3	0	0	134	2412	0.00471429	0	0.00471429	0.00471429	18	0	18	18	
0.5	0.75	1	2	11	3	0	0	133	2394	0.00471429	0	0.00471429	0.00471429	18	0	18	18	
0.5	0.75	1	3	10	3	0	0	133	2394	0.00471429	0	0.00471429	0.00471429	18	0	18	18	
0.5	0.75	1	4	22	3	0	0	134	2412	0.00471429	0	0.00471429	0.00471429	18	0	18	18	
0.5	0.75	1	5	4	3	0	0	133	2394	0.00471429	0	0.00471429	0.00471429	18	0	18	18	
0.5	0.75	1	6	12	3	0	0	133	2394	0.00471429	0	0.00471429	0.00471429	18	0	18	18	
0.5	0.75	1	7	1	3	0	0	133	2394	0.00471429	0	0.00471429	0.00471429	18	0	18	18	
0.5	0.75	1	8	2	3	0	0	133	2394	0.00471429	0	0.00471429	0.00471429	18	0	18	18	
0.5	0.75	1	9	21	3	0	0	134	2412	0.00471429	0	0.00471429	0.00471429	18	0	18	18	
0.5	0.75	1	10	23	3	0	0	134	2412	0.00471429	0	0.00471429	0.00471429	18	0	18	18	
0.5	0.75	1	11	9	3	0	0	133	2394	0.00471429	0	0.00471429	0.00471429	18	0	18	18	
0.5	0.75	1	12	20	3	0	0	134	2412	0.00471429	0	0.00471429	0.00471429	18	0	18	18	
0.5	0.75	1	13	3	3	0	0	133	2394	0.00471429	0	0.00471429	0.00471429	18	0	18	18	
0.5	0.75	1	14	19	3	0	0	133	2394	0.00471429	0	0.00471429	0.00471429	18	0	18	18	
0.5	0.75	1	15	18	3	0	0	133	2394	0.00471429	0	0.00471429	0.00471429	18	0	18	18	
0.75	1	1	1	24	3	0	0	79	1422	0.00471429	0	0.00471429	0.00471429	18	0	18	18	
0.75	1	1	2	11	3	0	0	80	1440	0.00471429	0	0.00471429	0.00471429	18	0	18	18	
0.75	1	1	3	10	3	0	0	80	1440	0.00471429	0	0.00471429	0.00471429	18	0	18	18	
0.75	1	1	4	22	3	0	0	79	1422	0.00471429	0	0.00471429	0.00471429	18	0	18	18	
0.75	1	1	5	4	3	0	0	80	1440	0.00471429	0	0.00471429	0.00471429	18	0	18	18	
0.75	1	1	6	12	3	0	0	79	1422	0.00471429	0	0.00471429	0.00471429	18	0	18	18	
0.75	1	1	7	1	3	0	0	80	1440	0.00471429	0	0.00471429	0.00471429	18	0	18	18	
0.75	1	1	8	2	3	0	0	80	1440	0.00471429	0	0.00471429	0.00471429	18	0	18	18	
0.75	1	1	9	21	3	0	0	79	1422	0.00471429	0	0.00471429	0.00471429	18	0	18	18	
0.75	1	1	10	23	3	0	0	79	1422	0.00471429	0	0.00471429	0.00471429	18	0	18	18	
0.75	1	1	11	9	3	0	0	80	1440	0.00471429	0	0.00471429	0.00471429	18	0	18	18	
0.75	1	1	12	20	3	0	0	79	1422	0.00471429	0	0.00471429	0.00471429	18	0	18	18	
0.75	1	1	13	3	3	0	0	80	1440	0.00471429	0	0.00471429	0.00471429	18	0	18	18	
0.75	1	1	14	19	3	0	0	79	1422	0.00471429	0	0.00471429	0.00471429	18	0	18	18	
0.75	1	1	15	18	3	0	0	79	1422	0.00471429	0	0.00471429	0.00471429	18	0	18	18	
