% time	cellId	IMSI	RNTI	layer	mcs	size	rv	ndi	ccId
32	1	1	3	0	0	26	0	1	0
32	1	2	1	0	0	26	0	1	0
32	1	3	2	0	0	26	0	1	0
32	2	2	1	0	0	26	0	1	1
32	2	3	2	0	0	26	0	1	1
32	2	1	3	0	0	26	0	1	1
32	3	2	1	0	0	26	0	1	2
32	3	3	2	0	0	26	0	1	2
32	3	1	3	0	0	26	0	1	2
33	1	1	3	0	0	26	0	1	0
33	1	2	1	0	0	26	0	1	0
33	1	3	2	0	0	26	0	1	0
33	2	2	1	0	0	26	0	1	1
33	2	3	2	0	0	26	0	1	1
33	2	1	3	0	0	26	0	1	1
33	3	2	1	0	0	26	0	1	2
33	3	3	2	0	0	26	0	1	2
33	3	1	3	0	0	26	0	1	2
34	1	1	3	0	0	26	0	1	0
34	1	2	1	0	0	26	0	1	0
34	1	3	2	0	0	26	0	1	0
34	2	2	1	0	0	26	0	1	1
34	2	3	2	0	0	26	0	1	1
34	2	1	3	0	0	26	0	1	1
34	3	2	1	0	0	26	0	1	2
34	3	3	2	0	0	26	0	1	2
34	3	1	3	0	0	26	0	1	2
35	1	1	3	0	0	26	0	1	0
35	1	2	1	0	0	26	0	1	0
35	1	3	2	0	0	26	0	1	0
35	2	2	1	0	0	26	0	1	1
35	2	3	2	0	0	26	0	1	1
35	2	1	3	0	0	26	0	1	1
35	3	2	1	0	0	26	0	1	2
35	3	3	2	0	0	26	0	1	2
35	3	1	3	0	0	26	0	1	2
36	1	1	3	0	0	26	0	1	0
36	1	2	1	0	0	26	0	1	0
36	1	3	2	0	0	26	0	1	0
36	2	2	1	0	0	26	0	1	1
36	2	3	2	0	0	26	0	1	1
36	2	1	3	0	0	26	0	1	1
36	3	2	1	0	0	26	0	1	2
36	3	3	2	0	0	26	0	1	2
36	3	1	3	0	0	26	0	1	2
37	1	1	3	0	0	26	0	1	0
37	1	2	1	0	0	26	0	1	0
37	1	3	2	0	0	26	0	1	0
37	2	2	1	0	0	26	0	1	1
37	2	3	2	0	0	26	0	1	1
37	2	1	3	0	0	26	0	1	1
37	3	2	1	0	0	26	0	1	2
37	3	3	2	0	0	26	0	1	2
37	3	1	3	0	0	26	0	1	2
38	1	1	3	0	0	26	0	1	0
38	1	2	1	0	0	26	0	1	0
38	1	3	2	0	0	26	0	1	0
38	2	2	1	0	0	26	0	1	1
38	2	3	2	0	0	26	0	1	1
38	2	1	3	0	0	26	0	1	1
38	3	2	1	0	0	26	0	1	2
38	3	3	2	0	0	26	0	1	2
38	3	1	3	0	0	26	0	1	2
39	1	1	3	0	28	749	0	1	0
39	1	2	1	0	28	749	0	1	0
39	1	3	2	0	28	749	0	1	0
39	2	2	1	0	0	26	0	1	1
39	2	3	2	0	0	26	0	1	1
39	2	1	3	0	0	26	0	1	1
39	3	2	1	0	0	26	0	1	2
39	3	3	2	0	0	26	0	1	2
39	3	1	3	0	0	26	0	1	2
40	1	1	3	0	28	749	0	1	0
40	1	2	1	0	28	749	0	1	0
40	1	3	2	0	28	749	0	1	0
40	2	2	1	0	0	26	0	1	1
40	2	3	2	0	0	26	0	1	1
40	2	1	3	0	0	26	0	1	1
40	3	2	1	0	0	26	0	1	2
40	3	3	2	0	0	26	0	1	2
40	3	1	3	0	0	26	0	1	2
41	1	1	3	0	28	749	0	1	0
41	1	2	1	0	28	749	0	1	0
41	1	3	2	0	28	749	0	1	0
41	2	2	1	0	0	26	0	1	1
41	2	3	2	0	0	26	0	1	1
41	2	1	3	0	0	26	0	1	1
41	3	2	1	0	0	26	0	1	2
41	3	3	2	0	0	26	0	1	2
41	3	1	3	0	0	26	0	1	2
42	1	1	3	0	28	749	0	1	0
42	1	2	1	0	28	749	0	1	0
42	1	3	2	0	28	749	0	1	0
42	2	2	1	0	0	26	0	1	1
42	2	3	2	0	0	26	0	1	1
42	2	1	3	0	0	26	0	1	1
42	3	2	1	0	0	26	0	1	2
42	3	3	2	0	0	26	0	1	2
42	3	1	3	0	0	26	0	1	2
43	1	1	3	0	28	749	0	1	0
43	1	2	1	0	28	749	0	1	0
43	1	3	2	0	28	749	0	1	0
43	2	2	1	0	0	26	0	1	1
43	2	3	2	0	0	26	0	1	1
43	2	1	3	0	0	26	0	1	1
43	3	2	1	0	0	26	0	1	2
43	3	3	2	0	0	26	0	1	2
43	3	1	3	0	0	26	0	1	2
44	1	1	3	0	28	749	0	1	0
44	1	2	1	0	28	749	0	1	0
44	1	3	2	0	28	749	0	1	0
44	2	2	1	0	0	26	0	1	1
44	2	3	2	0	0	26	0	1	1
44	2	1	3	0	0	26	0	1	1
44	3	2	1	0	0	26	0	1	2
44	3	3	2	0	0	26	0	1	2
44	3	1	3	0	0	26	0	1	2
45	1	1	3	0	28	749	0	1	0
45	1	2	1	0	28	749	0	1	0
45	1	3	2	0	28	749	0	1	0
45	2	2	1	0	0	26	0	1	1
45	2	3	2	0	0	26	0	1	1
45	2	1	3	0	0	26	0	1	1
45	3	2	1	0	0	26	0	1	2
45	3	3	2	0	0	26	0	1	2
45	3	1	3	0	0	26	0	1	2
46	1	1	3	0	28	749	0	1	0
46	1	2	1	0	28	749	0	1	0
46	1	3	2	0	28	749	0	1	0
46	2	2	1	0	0	26	0	1	1
46	2	3	2	0	0	26	0	1	1
46	2	1	3	0	0	26	0	1	1
46	3	2	1	0	0	26	0	1	2
46	3	3	2	0	0	26	0	1	2
46	3	1	3	0	0	26	0	1	2
47	1	1	3	0	28	749	0	1	0
47	1	2	1	0	28	749	0	1	0
47	1	3	2	0	28	749	0	1	0
47	2	2	1	0	28	749	0	1	1
47	2	3	2	0	0	26	0	1	1
47	2	1	3	0	0	26	0	1	1
47	3	2	1	0	28	749	0	1	2
47	3	3	2	0	0	26	0	1	2
47	3	1	3	0	0	26	0	1	2
48	1	1	3	0	28	749	0	1	0
48	1	2	1	0	28	749	0	1	0
48	1	3	2	0	28	749	0	1	0
48	2	2	1	0	28	749	0	1	1
48	2	3	2	0	28	749	0	1	1
48	2	1	3	0	0	26	0	1	1
48	3	2	1	0	28	749	0	1	2
48	3	3	2	0	28	749	0	1	2
48	3	1	3	0	0	26	0	1	2
49	1	1	3	0	28	749	0	1	0
49	1	2	1	0	28	749	0	1	0
49	1	3	2	0	28	749	0	1	0
49	2	2	1	0	28	749	0	1	1
49	2	3	2	0	28	749	0	1	1
49	2	1	3	0	28	749	0	1	1
49	3	2	1	0	28	749	0	1	2
49	3	3	2	0	28	749	0	1	2
49	3	1	3	0	28	749	0	1	2
50	1	1	3	0	28	749	0	1	0
50	1	2	1	0	28	749	0	1	0
50	1	3	2	0	28	749	0	1	0
50	2	2	1	0	28	749	0	1	1
50	2	3	2	0	28	749	0	1	1
50	2	1	3	0	28	749	0	1	1
50	3	2	1	0	28	749	0	1	2
50	3	3	2	0	28	749	0	1	2
50	3	1	3	0	28	749	0	1	2
51	1	1	3	0	28	749	0	1	0
51	1	2	1	0	28	749	0	1	0
51	1	3	2	0	28	749	0	1	0
51	2	2	1	0	28	749	0	1	1
51	2	3	2	0	28	749	0	1	1
51	2	1	3	0	28	749	0	1	1
51	3	2	1	0	28	749	0	1	2
51	3	3	2	0	28	749	0	1	2
51	3	1	3	0	28	749	0	1	2
52	1	1	3	0	28	749	0	1	0
52	1	2	1	0	28	749	0	1	0
52	1	3	2	0	28	749	0	1	0
52	2	2	1	0	28	749	0	1	1
52	2	3	2	0	28	749	0	1	1
52	2	1	3	0	28	749	0	1	1
52	3	2	1	0	28	749	0	1	2
52	3	3	2	0	28	749	0	1	2
52	3	1	3	0	28	749	0	1	2
53	1	1	3	0	28	749	0	1	0
53	1	2	1	0	28	749	0	1	0
53	1	3	2	0	28	749	0	1	0
53	2	2	1	0	28	749	0	1	1
53	2	3	2	0	28	749	0	1	1
53	2	1	3	0	28	749	0	1	1
53	3	2	1	0	28	749	0	1	2
53	3	3	2	0	28	749	0	1	2
53	3	1	3	0	28	749	0	1	2
54	1	1	3	0	28	749	0	1	0
54	1	2	1	0	28	749	0	1	0
54	1	3	2	0	28	749	0	1	0
54	2	2	1	0	28	749	0	1	1
54	2	3	2	0	28	749	0	1	1
54	2	1	3	0	28	749	0	1	1
54	3	2	1	0	28	749	0	1	2
54	3	3	2	0	28	749	0	1	2
54	3	1	3	0	28	749	0	1	2
55	1	1	3	0	28	749	0	1	0
55	1	2	1	0	28	749	0	1	0
55	1	3	2	0	28	749	0	1	0
55	2	2	1	0	28	749	0	1	1
55	2	3	2	0	28	749	0	1	1
55	2	1	3	0	28	749	0	1	1
55	3	2	1	0	28	749	0	1	2
55	3	3	2	0	28	749	0	1	2
55	3	1	3	0	28	749	0	1	2
56	1	1	3	0	28	749	0	1	0
56	1	2	1	0	28	749	0	1	0
56	1	3	2	0	28	749	0	1	0
56	2	2	1	0	28	749	0	1	1
56	2	3	2	0	28	749	0	1	1
56	2	1	3	0	28	749	0	1	1
56	3	2	1	0	28	749	0	1	2
56	3	3	2	0	28	749	0	1	2
56	3	1	3	0	28	749	0	1	2
57	1	1	3	0	28	749	0	1	0
57	1	2	1	0	28	749	0	1	0
57	1	3	2	0	28	749	0	1	0
57	2	2	1	0	28	749	0	1	1
57	2	3	2	0	28	749	0	1	1
57	2	1	3	0	28	749	0	1	1
57	3	2	1	0	28	749	0	1	2
57	3	3	2	0	28	749	0	1	2
57	3	1	3	0	28	749	0	1	2
58	1	1	3	0	28	749	0	1	0
58	1	2	1	0	28	749	0	1	0
58	1	3	2	0	28	749	0	1	0
58	2	2	1	0	28	749	0	1	1
58	2	3	2	0	28	749	0	1	1
58	2	1	3	0	28	749	0	1	1
58	3	2	1	0	28	749	0	1	2
58	3	3	2	0	28	749	0	1	2
58	3	1	3	0	28	749	0	1	2
59	1	1	3	0	28	749	0	1	0
59	1	2	1	0	28	749	0	1	0
59	1	3	2	0	28	749	0	1	0
59	2	2	1	0	28	749	0	1	1
59	2	3	2	0	28	749	0	1	1
59	2	1	3	0	28	749	0	1	1
59	3	2	1	0	28	749	0	1	2
59	3	3	2	0	28	749	0	1	2
59	3	1	3	0	28	749	0	1	2
60	1	1	3	0	28	749	0	1	0
60	1	2	1	0	28	749	0	1	0
60	1	3	2	0	28	749	0	1	0
60	2	2	1	0	28	749	0	1	1
60	2	3	2	0	28	749	0	1	1
60	2	1	3	0	28	749	0	1	1
60	3	2	1	0	28	749	0	1	2
60	3	3	2	0	28	749	0	1	2
60	3	1	3	0	28	749	0	1	2
61	1	1	3	0	28	749	0	1	0
61	1	2	1	0	28	749	0	1	0
61	1	3	2	0	28	749	0	1	0
61	2	2	1	0	28	749	0	1	1
61	2	3	2	0	28	749	0	1	1
61	2	1	3	0	28	749	0	1	1
61	3	2	1	0	28	749	0	1	2
61	3	3	2	0	28	749	0	1	2
61	3	1	3	0	28	749	0	1	2
62	1	1	3	0	28	749	0	1	0
62	1	2	1	0	28	749	0	1	0
62	1	3	2	0	28	749	0	1	0
62	2	2	1	0	28	749	0	1	1
62	2	3	2	0	28	749	0	1	1
62	2	1	3	0	28	749	0	1	1
62	3	2	1	0	28	749	0	1	2
62	3	3	2	0	28	749	0	1	2
62	3	1	3	0	28	749	0	1	2
63	1	1	3	0	28	749	0	1	0
63	1	2	1	0	28	749	0	1	0
63	1	3	2	0	28	749	0	1	0
63	2	2	1	0	28	749	0	1	1
63	2	3	2	0	28	749	0	1	1
63	2	1	3	0	28	749	0	1	1
63	3	2	1	0	28	749	0	1	2
63	3	3	2	0	28	749	0	1	2
63	3	1	3	0	28	749	0	1	2
64	1	1	3	0	28	749	0	1	0
64	1	2	1	0	28	749	0	1	0
64	1	3	2	0	28	749	0	1	0
64	2	2	1	0	28	749	0	1	1
64	2	3	2	0	28	749	0	1	1
64	2	1	3	0	28	749	0	1	1
64	3	2	1	0	28	749	0	1	2
64	3	3	2	0	28	749	0	1	2
64	3	1	3	0	28	749	0	1	2
65	1	1	3	0	28	749	0	1	0
65	1	2	1	0	28	749	0	1	0
65	1	3	2	0	28	749	0	1	0
65	2	2	1	0	28	749	0	1	1
65	2	3	2	0	28	749	0	1	1
65	2	1	3	0	28	749	0	1	1
65	3	2	1	0	28	749	0	1	2
65	3	3	2	0	28	749	0	1	2
65	3	1	3	0	28	749	0	1	2
66	1	1	3	0	28	749	0	1	0
66	1	2	1	0	28	749	0	1	0
66	1	3	2	0	28	749	0	1	0
66	2	2	1	0	28	749	0	1	1
66	2	3	2	0	28	749	0	1	1
66	2	1	3	0	28	749	0	1	1
66	3	2	1	0	28	749	0	1	2
66	3	3	2	0	28	749	0	1	2
66	3	1	3	0	28	749	0	1	2
67	1	1	3	0	28	749	0	1	0
67	1	2	1	0	28	749	0	1	0
67	1	3	2	0	28	749	0	1	0
67	2	2	1	0	28	749	0	1	1
67	2	3	2	0	28	749	0	1	1
67	2	1	3	0	28	749	0	1	1
67	3	2	1	0	28	749	0	1	2
67	3	3	2	0	28	749	0	1	2
67	3	1	3	0	28	749	0	1	2
68	1	1	3	0	28	749	0	1	0
68	1	2	1	0	28	749	0	1	0
68	1	3	2	0	28	749	0	1	0
68	2	2	1	0	28	749	0	1	1
68	2	3	2	0	28	749	0	1	1
68	2	1	3	0	28	749	0	1	1
68	3	2	1	0	28	749	0	1	2
68	3	3	2	0	28	749	0	1	2
68	3	1	3	0	28	749	0	1	2
69	1	1	3	0	28	749	0	1	0
69	1	2	1	0	28	749	0	1	0
69	1	3	2	0	28	749	0	1	0
69	2	2	1	0	28	749	0	1	1
69	2	3	2	0	28	749	0	1	1
69	2	1	3	0	28	749	0	1	1
69	3	2	1	0	28	749	0	1	2
69	3	3	2	0	28	749	0	1	2
69	3	1	3	0	28	749	0	1	2
70	1	1	3	0	28	749	0	1	0
70	1	2	1	0	28	749	0	1	0
70	1	3	2	0	28	749	0	1	0
70	2	2	1	0	28	749	0	1	1
70	2	3	2	0	28	749	0	1	1
70	2	1	3	0	28	749	0	1	1
70	3	2	1	0	28	749	0	1	2
70	3	3	2	0	28	749	0	1	2
70	3	1	3	0	28	749	0	1	2
71	1	1	3	0	28	749	0	1	0
71	1	2	1	0	28	749	0	1	0
71	1	3	2	0	28	749	0	1	0
71	2	2	1	0	28	749	0	1	1
71	2	3	2	0	28	749	0	1	1
71	2	1	3	0	28	749	0	1	1
71	3	2	1	0	28	749	0	1	2
71	3	3	2	0	28	749	0	1	2
71	3	1	3	0	28	749	0	1	2
72	1	1	3	0	28	749	0	1	0
72	1	2	1	0	28	749	0	1	0
72	1	3	2	0	28	749	0	1	0
72	2	2	1	0	28	749	0	1	1
72	2	3	2	0	28	749	0	1	1
72	2	1	3	0	28	749	0	1	1
72	3	2	1	0	28	749	0	1	2
72	3	3	2	0	28	749	0	1	2
72	3	1	3	0	28	749	0	1	2
73	1	1	3	0	28	749	0	1	0
73	1	2	1	0	28	749	0	1	0
73	1	3	2	0	28	749	0	1	0
73	2	2	1	0	28	749	0	1	1
73	2	3	2	0	28	749	0	1	1
73	2	1	3	0	28	749	0	1	1
73	3	2	1	0	28	749	0	1	2
73	3	3	2	0	28	749	0	1	2
73	3	1	3	0	28	749	0	1	2
74	1	1	3	0	28	749	0	1	0
74	1	2	1	0	28	749	0	1	0
74	1	3	2	0	28	749	0	1	0
74	2	2	1	0	28	749	0	1	1
74	2	3	2	0	28	749	0	1	1
74	2	1	3	0	28	749	0	1	1
74	3	2	1	0	28	749	0	1	2
74	3	3	2	0	28	749	0	1	2
74	3	1	3	0	28	749	0	1	2
75	1	1	3	0	28	749	0	1	0
75	1	2	1	0	28	749	0	1	0
75	1	3	2	0	28	749	0	1	0
75	2	2	1	0	28	749	0	1	1
75	2	3	2	0	28	749	0	1	1
75	2	1	3	0	28	749	0	1	1
75	3	2	1	0	28	749	0	1	2
75	3	3	2	0	28	749	0	1	2
75	3	1	3	0	28	749	0	1	2
76	1	1	3	0	28	749	0	1	0
76	1	2	1	0	28	749	0	1	0
76	1	3	2	0	28	749	0	1	0
76	2	2	1	0	28	749	0	1	1
76	2	3	2	0	28	749	0	1	1
76	2	1	3	0	28	749	0	1	1
76	3	2	1	0	28	749	0	1	2
76	3	3	2	0	28	749	0	1	2
76	3	1	3	0	28	749	0	1	2
77	1	1	3	0	28	749	0	1	0
77	1	2	1	0	28	749	0	1	0
77	1	3	2	0	28	749	0	1	0
77	2	2	1	0	28	749	0	1	1
77	2	3	2	0	28	749	0	1	1
77	2	1	3	0	28	749	0	1	1
77	3	2	1	0	28	749	0	1	2
77	3	3	2	0	28	749	0	1	2
77	3	1	3	0	28	749	0	1	2
78	1	1	3	0	28	749	0	1	0
78	1	2	1	0	28	749	0	1	0
78	1	3	2	0	28	749	0	1	0
78	2	2	1	0	28	749	0	1	1
78	2	3	2	0	28	749	0	1	1
78	2	1	3	0	28	749	0	1	1
78	3	2	1	0	28	749	0	1	2
78	3	3	2	0	28	749	0	1	2
78	3	1	3	0	28	749	0	1	2
79	1	1	3	0	28	749	0	1	0
79	1	2	1	0	28	749	0	1	0
79	1	3	2	0	28	749	0	1	0
79	2	2	1	0	28	749	0	1	1
79	2	3	2	0	28	749	0	1	1
79	2	1	3	0	28	749	0	1	1
79	3	2	1	0	28	749	0	1	2
79	3	3	2	0	28	749	0	1	2
79	3	1	3	0	28	749	0	1	2
80	1	1	3	0	28	749	0	1	0
80	1	2	1	0	28	749	0	1	0
80	1	3	2	0	28	749	0	1	0
80	2	2	1	0	28	749	0	1	1
80	2	3	2	0	28	749	0	1	1
80	2	1	3	0	28	749	0	1	1
80	3	2	1	0	28	749	0	1	2
80	3	3	2	0	28	749	0	1	2
80	3	1	3	0	28	749	0	1	2
81	1	1	3	0	28	749	0	1	0
81	1	2	1	0	28	749	0	1	0
81	1	3	2	0	28	749	0	1	0
81	2	2	1	0	28	749	0	1	1
81	2	3	2	0	28	749	0	1	1
81	2	1	3	0	28	749	0	1	1
81	3	2	1	0	28	749	0	1	2
81	3	3	2	0	28	749	0	1	2
81	3	1	3	0	28	749	0	1	2
82	1	1	3	0	28	749	0	1	0
82	1	2	1	0	28	749	0	1	0
82	1	3	2	0	28	749	0	1	0
82	2	2	1	0	28	749	0	1	1
82	2	3	2	0	28	749	0	1	1
82	2	1	3	0	28	749	0	1	1
82	3	2	1	0	28	749	0	1	2
82	3	3	2	0	28	749	0	1	2
82	3	1	3	0	28	749	0	1	2
83	1	1	3	0	28	749	0	1	0
83	1	2	1	0	28	749	0	1	0
83	1	3	2	0	28	749	0	1	0
83	2	2	1	0	28	749	0	1	1
83	2	3	2	0	28	749	0	1	1
83	2	1	3	0	28	749	0	1	1
83	3	2	1	0	28	749	0	1	2
83	3	3	2	0	28	749	0	1	2
83	3	1	3	0	28	749	0	1	2
84	1	1	3	0	28	749	0	1	0
84	1	2	1	0	28	749	0	1	0
84	1	3	2	0	28	749	0	1	0
84	2	2	1	0	28	749	0	1	1
84	2	3	2	0	28	749	0	1	1
84	2	1	3	0	28	749	0	1	1
84	3	2	1	0	28	749	0	1	2
84	3	3	2	0	28	749	0	1	2
84	3	1	3	0	28	749	0	1	2
85	1	1	3	0	28	749	0	1	0
85	1	2	1	0	28	749	0	1	0
85	1	3	2	0	28	749	0	1	0
85	2	2	1	0	28	749	0	1	1
85	2	3	2	0	28	749	0	1	1
85	2	1	3	0	28	749	0	1	1
85	3	2	1	0	28	749	0	1	2
85	3	3	2	0	28	749	0	1	2
85	3	1	3	0	28	749	0	1	2
86	1	1	3	0	28	749	0	1	0
86	1	2	1	0	28	749	0	1	0
86	1	3	2	0	28	749	0	1	0
86	2	2	1	0	28	749	0	1	1
86	2	3	2	0	28	749	0	1	1
86	2	1	3	0	28	749	0	1	1
86	3	2	1	0	28	749	0	1	2
86	3	3	2	0	28	749	0	1	2
86	3	1	3	0	28	749	0	1	2
87	1	1	3	0	28	749	0	1	0
87	1	2	1	0	28	749	0	1	0
87	1	3	2	0	28	749	0	1	0
87	2	2	1	0	28	749	0	1	1
87	2	3	2	0	28	749	0	1	1
87	2	1	3	0	28	749	0	1	1
87	3	2	1	0	28	749	0	1	2
87	3	3	2	0	28	749	0	1	2
87	3	1	3	0	28	749	0	1	2
88	1	1	3	0	28	749	0	1	0
88	1	2	1	0	28	749	0	1	0
88	1	3	2	0	28	749	0	1	0
88	2	2	1	0	28	749	0	1	1
88	2	3	2	0	28	749	0	1	1
88	2	1	3	0	28	749	0	1	1
88	3	2	1	0	28	749	0	1	2
88	3	3	2	0	28	749	0	1	2
88	3	1	3	0	28	749	0	1	2
89	1	1	3	0	28	749	0	1	0
89	1	2	1	0	28	749	0	1	0
89	1	3	2	0	28	749	0	1	0
89	2	2	1	0	28	749	0	1	1
89	2	3	2	0	28	749	0	1	1
89	2	1	3	0	28	749	0	1	1
89	3	2	1	0	28	749	0	1	2
89	3	3	2	0	28	749	0	1	2
89	3	1	3	0	28	749	0	1	2
90	1	1	3	0	28	749	0	1	0
90	1	2	1	0	28	749	0	1	0
90	1	3	2	0	28	749	0	1	0
90	2	2	1	0	28	749	0	1	1
90	2	3	2	0	28	749	0	1	1
90	2	1	3	0	28	749	0	1	1
90	3	2	1	0	28	749	0	1	2
90	3	3	2	0	28	749	0	1	2
90	3	1	3	0	28	749	0	1	2
91	1	1	3	0	28	749	0	1	0
91	1	2	1	0	28	749	0	1	0
91	1	3	2	0	28	749	0	1	0
91	2	2	1	0	28	749	0	1	1
91	2	3	2	0	28	749	0	1	1
91	2	1	3	0	28	749	0	1	1
91	3	2	1	0	28	749	0	1	2
91	3	3	2	0	28	749	0	1	2
91	3	1	3	0	28	749	0	1	2
92	1	1	3	0	28	749	0	1	0
92	1	2	1	0	28	749	0	1	0
92	1	3	2	0	28	749	0	1	0
92	2	2	1	0	28	749	0	1	1
92	2	3	2	0	28	749	0	1	1
92	2	1	3	0	28	749	0	1	1
92	3	2	1	0	28	749	0	1	2
92	3	3	2	0	28	749	0	1	2
92	3	1	3	0	28	749	0	1	2
93	1	1	3	0	28	749	0	1	0
93	1	2	1	0	28	749	0	1	0
93	1	3	2	0	28	749	0	1	0
93	2	2	1	0	28	749	0	1	1
93	2	3	2	0	28	749	0	1	1
93	2	1	3	0	28	749	0	1	1
93	3	2	1	0	28	749	0	1	2
93	3	3	2	0	28	749	0	1	2
93	3	1	3	0	28	749	0	1	2
94	1	1	3	0	28	749	0	1	0
94	1	2	1	0	28	749	0	1	0
94	1	3	2	0	28	749	0	1	0
94	2	2	1	0	28	749	0	1	1
94	2	3	2	0	28	749	0	1	1
94	2	1	3	0	28	749	0	1	1
94	3	2	1	0	28	749	0	1	2
94	3	3	2	0	28	749	0	1	2
94	3	1	3	0	28	749	0	1	2
95	1	1	3	0	28	749	0	1	0
95	1	2	1	0	28	749	0	1	0
95	1	3	2	0	28	749	0	1	0
95	2	2	1	0	28	749	0	1	1
95	2	3	2	0	28	749	0	1	1
95	2	1	3	0	28	749	0	1	1
95	3	2	1	0	28	749	0	1	2
95	3	3	2	0	28	749	0	1	2
95	3	1	3	0	28	749	0	1	2
96	1	1	3	0	28	749	0	1	0
96	1	2	1	0	28	749	0	1	0
96	1	3	2	0	28	749	0	1	0
96	2	2	1	0	28	749	0	1	1
96	2	3	2	0	28	749	0	1	1
96	2	1	3	0	28	749	0	1	1
96	3	2	1	0	28	749	0	1	2
96	3	3	2	0	28	749	0	1	2
96	3	1	3	0	28	749	0	1	2
97	1	1	3	0	28	749	0	1	0
97	1	2	1	0	28	749	0	1	0
97	1	3	2	0	28	749	0	1	0
97	2	2	1	0	28	749	0	1	1
97	2	3	2	0	28	749	0	1	1
97	2	1	3	0	28	749	0	1	1
97	3	2	1	0	28	749	0	1	2
97	3	3	2	0	28	749	0	1	2
97	3	1	3	0	28	749	0	1	2
98	1	1	3	0	28	749	0	1	0
98	1	2	1	0	28	749	0	1	0
98	1	3	2	0	28	749	0	1	0
98	2	2	1	0	28	749	0	1	1
98	2	3	2	0	28	749	0	1	1
98	2	1	3	0	28	749	0	1	1
98	3	2	1	0	28	749	0	1	2
98	3	3	2	0	28	749	0	1	2
98	3	1	3	0	28	749	0	1	2
99	1	1	3	0	28	749	0	1	0
99	1	2	1	0	28	749	0	1	0
99	1	3	2	0	28	749	0	1	0
99	2	2	1	0	28	749	0	1	1
99	2	3	2	0	28	749	0	1	1
99	2	1	3	0	28	749	0	1	1
99	3	2	1	0	28	749	0	1	2
99	3	3	2	0	28	749	0	1	2
99	3	1	3	0	28	749	0	1	2
100	1	1	3	0	28	749	0	1	0
100	1	2	1	0	28	749	0	1	0
100	1	3	2	0	28	749	0	1	0
100	2	2	1	0	28	749	0	1	1
100	2	3	2	0	28	749	0	1	1
100	2	1	3	0	28	749	0	1	1
100	3	2	1	0	28	749	0	1	2
100	3	3	2	0	28	749	0	1	2
100	3	1	3	0	28	749	0	1	2
101	1	1	3	0	28	749	0	1	0
101	1	2	1	0	28	749	0	1	0
101	1	3	2	0	28	749	0	1	0
101	2	2	1	0	28	749	0	1	1
101	2	3	2	0	28	749	0	1	1
101	2	1	3	0	28	749	0	1	1
101	3	2	1	0	28	749	0	1	2
101	3	3	2	0	28	749	0	1	2
101	3	1	3	0	28	749	0	1	2
102	1	1	3	0	28	749	0	1	0
102	1	2	1	0	28	749	0	1	0
102	1	3	2	0	28	749	0	1	0
102	2	2	1	0	28	749	0	1	1
102	2	3	2	0	28	749	0	1	1
102	2	1	3	0	28	749	0	1	1
102	3	2	1	0	28	749	0	1	2
102	3	3	2	0	28	749	0	1	2
102	3	1	3	0	28	749	0	1	2
103	1	1	3	0	28	749	0	1	0
103	1	2	1	0	28	749	0	1	0
103	1	3	2	0	28	749	0	1	0
103	2	2	1	0	28	749	0	1	1
103	2	3	2	0	28	749	0	1	1
103	2	1	3	0	28	749	0	1	1
103	3	2	1	0	28	749	0	1	2
103	3	3	2	0	28	749	0	1	2
103	3	1	3	0	28	749	0	1	2
104	1	1	3	0	28	749	0	1	0
104	1	2	1	0	28	749	0	1	0
104	1	3	2	0	28	749	0	1	0
104	2	2	1	0	28	749	0	1	1
104	2	3	2	0	28	749	0	1	1
104	2	1	3	0	28	749	0	1	1
104	3	2	1	0	28	749	0	1	2
104	3	3	2	0	28	749	0	1	2
104	3	1	3	0	28	749	0	1	2
105	1	1	3	0	28	749	0	1	0
105	1	2	1	0	28	749	0	1	0
105	1	3	2	0	28	749	0	1	0
105	2	2	1	0	28	749	0	1	1
105	2	3	2	0	28	749	0	1	1
105	2	1	3	0	28	749	0	1	1
105	3	2	1	0	28	749	0	1	2
105	3	3	2	0	28	749	0	1	2
105	3	1	3	0	28	749	0	1	2
106	1	1	3	0	28	749	0	1	0
106	1	2	1	0	28	749	0	1	0
106	1	3	2	0	28	749	0	1	0
106	2	2	1	0	28	749	0	1	1
106	2	3	2	0	28	749	0	1	1
106	2	1	3	0	28	749	0	1	1
106	3	2	1	0	28	749	0	1	2
106	3	3	2	0	28	749	0	1	2
106	3	1	3	0	28	749	0	1	2
107	1	1	3	0	28	749	0	1	0
107	1	2	1	0	28	749	0	1	0
107	1	3	2	0	28	749	0	1	0
107	2	2	1	0	28	749	0	1	1
107	2	3	2	0	28	749	0	1	1
107	2	1	3	0	28	749	0	1	1
107	3	2	1	0	28	749	0	1	2
107	3	3	2	0	28	749	0	1	2
107	3	1	3	0	28	749	0	1	2
108	1	1	3	0	28	749	0	1	0
108	1	2	1	0	28	749	0	1	0
108	1	3	2	0	28	749	0	1	0
108	2	2	1	0	28	749	0	1	1
108	2	3	2	0	28	749	0	1	1
108	2	1	3	0	28	749	0	1	1
108	3	2	1	0	28	749	0	1	2
108	3	3	2	0	28	749	0	1	2
108	3	1	3	0	28	749	0	1	2
109	1	1	3	0	28	749	0	1	0
109	1	2	1	0	28	749	0	1	0
109	1	3	2	0	28	749	0	1	0
109	2	2	1	0	28	749	0	1	1
109	2	3	2	0	28	749	0	1	1
109	2	1	3	0	28	749	0	1	1
109	3	2	1	0	28	749	0	1	2
109	3	3	2	0	28	749	0	1	2
109	3	1	3	0	28	749	0	1	2
110	1	1	3	0	28	749	0	1	0
110	1	2	1	0	28	749	0	1	0
110	1	3	2	0	28	749	0	1	0
110	2	2	1	0	28	749	0	1	1
110	2	3	2	0	28	749	0	1	1
110	2	1	3	0	28	749	0	1	1
110	3	2	1	0	28	749	0	1	2
110	3	3	2	0	28	749	0	1	2
110	3	1	3	0	28	749	0	1	2
111	1	1	3	0	28	749	0	1	0
111	1	2	1	0	28	749	0	1	0
111	1	3	2	0	28	749	0	1	0
111	2	2	1	0	28	749	0	1	1
111	2	3	2	0	28	749	0	1	1
111	2	1	3	0	28	749	0	1	1
111	3	2	1	0	28	749	0	1	2
111	3	3	2	0	28	749	0	1	2
111	3	1	3	0	28	749	0	1	2
112	1	1	3	0	28	749	0	1	0
112	1	2	1	0	28	749	0	1	0
112	1	3	2	0	28	749	0	1	0
112	2	2	1	0	28	749	0	1	1
112	2	3	2	0	28	749	0	1	1
112	2	1	3	0	28	749	0	1	1
112	3	2	1	0	28	749	0	1	2
112	3	3	2	0	28	749	0	1	2
112	3	1	3	0	28	749	0	1	2
113	1	1	3	0	28	749	0	1	0
113	1	2	1	0	28	749	0	1	0
113	1	3	2	0	28	749	0	1	0
113	2	2	1	0	28	749	0	1	1
113	2	3	2	0	28	749	0	1	1
113	2	1	3	0	28	749	0	1	1
113	3	2	1	0	28	749	0	1	2
113	3	3	2	0	28	749	0	1	2
113	3	1	3	0	28	749	0	1	2
114	1	1	3	0	28	749	0	1	0
114	1	2	1	0	28	749	0	1	0
114	1	3	2	0	28	749	0	1	0
114	2	2	1	0	28	749	0	1	1
114	2	3	2	0	28	749	0	1	1
114	2	1	3	0	28	749	0	1	1
114	3	2	1	0	28	749	0	1	2
114	3	3	2	0	28	749	0	1	2
114	3	1	3	0	28	749	0	1	2
115	1	1	3	0	28	749	0	1	0
115	1	2	1	0	28	749	0	1	0
115	1	3	2	0	28	749	0	1	0
115	2	2	1	0	28	749	0	1	1
115	2	3	2	0	28	749	0	1	1
115	2	1	3	0	28	749	0	1	1
115	3	2	1	0	28	749	0	1	2
115	3	3	2	0	28	749	0	1	2
115	3	1	3	0	28	749	0	1	2
116	1	1	3	0	28	749	0	1	0
116	1	2	1	0	28	749	0	1	0
116	1	3	2	0	28	749	0	1	0
116	2	2	1	0	28	749	0	1	1
116	2	3	2	0	28	749	0	1	1
116	2	1	3	0	28	749	0	1	1
116	3	2	1	0	28	749	0	1	2
116	3	3	2	0	28	749	0	1	2
116	3	1	3	0	28	749	0	1	2
117	1	1	3	0	28	749	0	1	0
117	1	2	1	0	28	749	0	1	0
117	1	3	2	0	28	749	0	1	0
117	2	2	1	0	28	749	0	1	1
117	2	3	2	0	28	749	0	1	1
117	2	1	3	0	28	749	0	1	1
117	3	2	1	0	28	749	0	1	2
117	3	3	2	0	28	749	0	1	2
117	3	1	3	0	28	749	0	1	2
118	1	1	3	0	28	749	0	1	0
118	1	2	1	0	28	749	0	1	0
118	1	3	2	0	28	749	0	1	0
118	2	2	1	0	28	749	0	1	1
118	2	3	2	0	28	749	0	1	1
118	2	1	3	0	28	749	0	1	1
118	3	2	1	0	28	749	0	1	2
118	3	3	2	0	28	749	0	1	2
118	3	1	3	0	28	749	0	1	2
119	1	1	3	0	28	749	0	1	0
119	1	2	1	0	28	749	0	1	0
119	1	3	2	0	28	749	0	1	0
119	2	2	1	0	28	749	0	1	1
119	2	3	2	0	28	749	0	1	1
119	2	1	3	0	28	749	0	1	1
119	3	2	1	0	28	749	0	1	2
119	3	3	2	0	28	749	0	1	2
119	3	1	3	0	28	749	0	1	2
120	1	1	3	0	28	749	0	1	0
120	1	2	1	0	28	749	0	1	0
120	1	3	2	0	28	749	0	1	0
120	2	2	1	0	28	749	0	1	1
120	2	3	2	0	28	749	0	1	1
120	2	1	3	0	28	749	0	1	1
120	3	2	1	0	28	749	0	1	2
120	3	3	2	0	28	749	0	1	2
120	3	1	3	0	28	749	0	1	2
121	1	1	3	0	28	749	0	1	0
121	1	2	1	0	28	749	0	1	0
121	1	3	2	0	28	749	0	1	0
121	2	2	1	0	28	749	0	1	1
121	2	3	2	0	28	749	0	1	1
121	2	1	3	0	28	749	0	1	1
121	3	2	1	0	28	749	0	1	2
121	3	3	2	0	28	749	0	1	2
121	3	1	3	0	28	749	0	1	2
122	1	1	3	0	28	749	0	1	0
122	1	2	1	0	28	749	0	1	0
122	1	3	2	0	28	749	0	1	0
122	2	2	1	0	28	749	0	1	1
122	2	3	2	0	28	749	0	1	1
122	2	1	3	0	28	749	0	1	1
122	3	2	1	0	28	749	0	1	2
122	3	3	2	0	28	749	0	1	2
122	3	1	3	0	28	749	0	1	2
123	1	1	3	0	28	749	0	1	0
123	1	2	1	0	28	749	0	1	0
123	1	3	2	0	28	749	0	1	0
123	2	2	1	0	28	749	0	1	1
123	2	3	2	0	28	749	0	1	1
123	2	1	3	0	28	749	0	1	1
123	3	2	1	0	28	749	0	1	2
123	3	3	2	0	28	749	0	1	2
123	3	1	3	0	28	749	0	1	2
124	1	1	3	0	28	749	0	1	0
124	1	2	1	0	28	749	0	1	0
124	1	3	2	0	28	749	0	1	0
124	2	2	1	0	28	749	0	1	1
124	2	3	2	0	28	749	0	1	1
124	2	1	3	0	28	749	0	1	1
124	3	2	1	0	28	749	0	1	2
124	3	3	2	0	28	749	0	1	2
124	3	1	3	0	28	749	0	1	2
125	1	1	3	0	28	749	0	1	0
125	1	2	1	0	28	749	0	1	0
125	1	3	2	0	28	749	0	1	0
125	2	2	1	0	28	749	0	1	1
125	2	3	2	0	28	749	0	1	1
125	2	1	3	0	28	749	0	1	1
125	3	2	1	0	28	749	0	1	2
125	3	3	2	0	28	749	0	1	2
125	3	1	3	0	28	749	0	1	2
126	1	1	3	0	28	749	0	1	0
126	1	2	1	0	28	749	0	1	0
126	1	3	2	0	28	749	0	1	0
126	2	2	1	0	28	749	0	1	1
126	2	3	2	0	28	749	0	1	1
126	2	1	3	0	28	749	0	1	1
126	3	2	1	0	28	749	0	1	2
126	3	3	2	0	28	749	0	1	2
126	3	1	3	0	28	749	0	1	2
127	1	1	3	0	28	749	0	1	0
127	1	2	1	0	28	749	0	1	0
127	1	3	2	0	28	749	0	1	0
127	2	2	1	0	28	749	0	1	1
127	2	3	2	0	28	749	0	1	1
127	2	1	3	0	28	749	0	1	1
127	3	2	1	0	28	749	0	1	2
127	3	3	2	0	28	749	0	1	2
127	3	1	3	0	28	749	0	1	2
128	1	1	3	0	28	749	0	1	0
128	1	2	1	0	28	749	0	1	0
128	1	3	2	0	28	749	0	1	0
128	2	2	1	0	28	749	0	1	1
128	2	3	2	0	28	749	0	1	1
128	2	1	3	0	28	749	0	1	1
128	3	2	1	0	28	749	0	1	2
128	3	3	2	0	28	749	0	1	2
128	3	1	3	0	28	749	0	1	2
129	1	1	3	0	28	749	0	1	0
129	1	2	1	0	28	749	0	1	0
129	1	3	2	0	28	749	0	1	0
129	2	2	1	0	28	749	0	1	1
129	2	3	2	0	28	749	0	1	1
129	2	1	3	0	28	749	0	1	1
129	3	2	1	0	28	749	0	1	2
129	3	3	2	0	28	749	0	1	2
129	3	1	3	0	28	749	0	1	2
130	1	1	3	0	28	749	0	1	0
130	1	2	1	0	28	749	0	1	0
130	1	3	2	0	28	749	0	1	0
130	2	2	1	0	28	749	0	1	1
130	2	3	2	0	28	749	0	1	1
130	2	1	3	0	28	749	0	1	1
130	3	2	1	0	28	749	0	1	2
130	3	3	2	0	28	749	0	1	2
130	3	1	3	0	28	749	0	1	2
131	1	1	3	0	28	749	0	1	0
131	1	2	1	0	28	749	0	1	0
131	1	3	2	0	28	749	0	1	0
131	2	2	1	0	28	749	0	1	1
131	2	3	2	0	28	749	0	1	1
131	2	1	3	0	28	749	0	1	1
131	3	2	1	0	28	749	0	1	2
131	3	3	2	0	28	749	0	1	2
131	3	1	3	0	28	749	0	1	2
132	1	1	3	0	28	749	0	1	0
132	1	2	1	0	28	749	0	1	0
132	1	3	2	0	28	749	0	1	0
132	2	2	1	0	28	749	0	1	1
132	2	3	2	0	28	749	0	1	1
132	2	1	3	0	28	749	0	1	1
132	3	2	1	0	28	749	0	1	2
132	3	3	2	0	28	749	0	1	2
132	3	1	3	0	28	749	0	1	2
133	1	1	3	0	28	749	0	1	0
133	1	2	1	0	28	749	0	1	0
133	1	3	2	0	28	749	0	1	0
133	2	2	1	0	28	749	0	1	1
133	2	3	2	0	28	749	0	1	1
133	2	1	3	0	28	749	0	1	1
133	3	2	1	0	28	749	0	1	2
133	3	3	2	0	28	749	0	1	2
133	3	1	3	0	28	749	0	1	2
134	1	1	3	0	28	749	0	1	0
134	1	2	1	0	28	749	0	1	0
134	1	3	2	0	28	749	0	1	0
134	2	2	1	0	28	749	0	1	1
134	2	3	2	0	28	749	0	1	1
134	2	1	3	0	28	749	0	1	1
134	3	2	1	0	28	749	0	1	2
134	3	3	2	0	28	749	0	1	2
134	3	1	3	0	28	749	0	1	2
135	1	1	3	0	28	749	0	1	0
135	1	2	1	0	28	749	0	1	0
135	1	3	2	0	28	749	0	1	0
135	2	2	1	0	28	749	0	1	1
135	2	3	2	0	28	749	0	1	1
135	2	1	3	0	28	749	0	1	1
135	3	2	1	0	28	749	0	1	2
135	3	3	2	0	28	749	0	1	2
135	3	1	3	0	28	749	0	1	2
136	1	1	3	0	28	749	0	1	0
136	1	2	1	0	28	749	0	1	0
136	1	3	2	0	28	749	0	1	0
136	2	2	1	0	28	749	0	1	1
136	2	3	2	0	28	749	0	1	1
136	2	1	3	0	28	749	0	1	1
136	3	2	1	0	28	749	0	1	2
136	3	3	2	0	28	749	0	1	2
136	3	1	3	0	28	749	0	1	2
137	1	1	3	0	28	749	0	1	0
137	1	2	1	0	28	749	0	1	0
137	1	3	2	0	28	749	0	1	0
137	2	2	1	0	28	749	0	1	1
137	2	3	2	0	28	749	0	1	1
137	2	1	3	0	28	749	0	1	1
137	3	2	1	0	28	749	0	1	2
137	3	3	2	0	28	749	0	1	2
137	3	1	3	0	28	749	0	1	2
138	1	1	3	0	28	749	0	1	0
138	1	2	1	0	28	749	0	1	0
138	1	3	2	0	28	749	0	1	0
138	2	2	1	0	28	749	0	1	1
138	2	3	2	0	28	749	0	1	1
138	2	1	3	0	28	749	0	1	1
138	3	2	1	0	28	749	0	1	2
138	3	3	2	0	28	749	0	1	2
138	3	1	3	0	28	749	0	1	2
139	1	1	3	0	28	749	0	1	0
139	1	2	1	0	28	749	0	1	0
139	1	3	2	0	28	749	0	1	0
139	2	2	1	0	28	749	0	1	1
139	2	3	2	0	28	749	0	1	1
139	2	1	3	0	28	749	0	1	1
139	3	2	1	0	28	749	0	1	2
139	3	3	2	0	28	749	0	1	2
139	3	1	3	0	28	749	0	1	2
140	1	1	3	0	28	749	0	1	0
140	1	2	1	0	28	749	0	1	0
140	1	3	2	0	28	749	0	1	0
140	2	2	1	0	28	749	0	1	1
140	2	3	2	0	28	749	0	1	1
140	2	1	3	0	28	749	0	1	1
140	3	2	1	0	28	749	0	1	2
140	3	3	2	0	28	749	0	1	2
140	3	1	3	0	28	749	0	1	2
141	1	1	3	0	28	749	0	1	0
141	1	2	1	0	28	749	0	1	0
141	1	3	2	0	28	749	0	1	0
141	2	2	1	0	28	749	0	1	1
141	2	3	2	0	28	749	0	1	1
141	2	1	3	0	28	749	0	1	1
141	3	2	1	0	28	749	0	1	2
141	3	3	2	0	28	749	0	1	2
141	3	1	3	0	28	749	0	1	2
142	1	1	3	0	28	749	0	1	0
142	1	2	1	0	28	749	0	1	0
142	1	3	2	0	28	749	0	1	0
142	2	2	1	0	28	749	0	1	1
142	2	3	2	0	28	749	0	1	1
142	2	1	3	0	28	749	0	1	1
142	3	2	1	0	28	749	0	1	2
142	3	3	2	0	28	749	0	1	2
142	3	1	3	0	28	749	0	1	2
143	1	1	3	0	28	749	0	1	0
143	1	2	1	0	28	749	0	1	0
143	1	3	2	0	28	749	0	1	0
143	2	2	1	0	28	749	0	1	1
143	2	3	2	0	28	749	0	1	1
143	2	1	3	0	28	749	0	1	1
143	3	2	1	0	28	749	0	1	2
143	3	3	2	0	28	749	0	1	2
143	3	1	3	0	28	749	0	1	2
144	1	1	3	0	28	749	0	1	0
144	1	2	1	0	28	749	0	1	0
144	1	3	2	0	28	749	0	1	0
144	2	2	1	0	28	749	0	1	1
144	2	3	2	0	28	749	0	1	1
144	2	1	3	0	28	749	0	1	1
144	3	2	1	0	28	749	0	1	2
144	3	3	2	0	28	749	0	1	2
144	3	1	3	0	28	749	0	1	2
145	1	1	3	0	28	749	0	1	0
145	1	2	1	0	28	749	0	1	0
145	1	3	2	0	28	749	0	1	0
145	2	2	1	0	28	749	0	1	1
145	2	3	2	0	28	749	0	1	1
145	2	1	3	0	28	749	0	1	1
145	3	2	1	0	28	749	0	1	2
145	3	3	2	0	28	749	0	1	2
145	3	1	3	0	28	749	0	1	2
146	1	1	3	0	28	749	0	1	0
146	1	2	1	0	28	749	0	1	0
146	1	3	2	0	28	749	0	1	0
146	2	2	1	0	28	749	0	1	1
146	2	3	2	0	28	749	0	1	1
146	2	1	3	0	28	749	0	1	1
146	3	2	1	0	28	749	0	1	2
146	3	3	2	0	28	749	0	1	2
146	3	1	3	0	28	749	0	1	2
147	1	1	3	0	28	749	0	1	0
147	1	2	1	0	28	749	0	1	0
147	1	3	2	0	28	749	0	1	0
147	2	2	1	0	28	749	0	1	1
147	2	3	2	0	28	749	0	1	1
147	2	1	3	0	28	749	0	1	1
147	3	2	1	0	28	749	0	1	2
147	3	3	2	0	28	749	0	1	2
147	3	1	3	0	28	749	0	1	2
148	1	1	3	0	28	749	0	1	0
148	1	2	1	0	28	749	0	1	0
148	1	3	2	0	28	749	0	1	0
148	2	2	1	0	28	749	0	1	1
148	2	3	2	0	28	749	0	1	1
148	2	1	3	0	28	749	0	1	1
148	3	2	1	0	28	749	0	1	2
148	3	3	2	0	28	749	0	1	2
148	3	1	3	0	28	749	0	1	2
149	1	1	3	0	28	749	0	1	0
149	1	2	1	0	28	749	0	1	0
149	1	3	2	0	28	749	0	1	0
149	2	2	1	0	28	749	0	1	1
149	2	3	2	0	28	749	0	1	1
149	2	1	3	0	28	749	0	1	1
149	3	2	1	0	28	749	0	1	2
149	3	3	2	0	28	749	0	1	2
149	3	1	3	0	28	749	0	1	2
150	1	1	3	0	28	749	0	1	0
150	1	2	1	0	28	749	0	1	0
150	1	3	2	0	28	749	0	1	0
150	2	2	1	0	28	749	0	1	1
150	2	3	2	0	28	749	0	1	1
150	2	1	3	0	28	749	0	1	1
150	3	2	1	0	28	749	0	1	2
150	3	3	2	0	28	749	0	1	2
150	3	1	3	0	28	749	0	1	2
151	1	1	3	0	28	749	0	1	0
151	1	2	1	0	28	749	0	1	0
151	1	3	2	0	28	749	0	1	0
151	2	2	1	0	28	749	0	1	1
151	2	3	2	0	28	749	0	1	1
151	2	1	3	0	28	749	0	1	1
151	3	2	1	0	28	749	0	1	2
151	3	3	2	0	28	749	0	1	2
151	3	1	3	0	28	749	0	1	2
152	1	1	3	0	28	749	0	1	0
152	1	2	1	0	28	749	0	1	0
152	1	3	2	0	28	749	0	1	0
152	2	2	1	0	28	749	0	1	1
152	2	3	2	0	28	749	0	1	1
152	2	1	3	0	28	749	0	1	1
152	3	2	1	0	28	749	0	1	2
152	3	3	2	0	28	749	0	1	2
152	3	1	3	0	28	749	0	1	2
153	1	1	3	0	28	749	0	1	0
153	1	2	1	0	28	749	0	1	0
153	1	3	2	0	28	749	0	1	0
153	2	2	1	0	28	749	0	1	1
153	2	3	2	0	28	749	0	1	1
153	2	1	3	0	28	749	0	1	1
153	3	2	1	0	28	749	0	1	2
153	3	3	2	0	28	749	0	1	2
153	3	1	3	0	28	749	0	1	2
154	1	1	3	0	28	749	0	1	0
154	1	2	1	0	28	749	0	1	0
154	1	3	2	0	28	749	0	1	0
154	2	2	1	0	28	749	0	1	1
154	2	3	2	0	28	749	0	1	1
154	2	1	3	0	28	749	0	1	1
154	3	2	1	0	28	749	0	1	2
154	3	3	2	0	28	749	0	1	2
154	3	1	3	0	28	749	0	1	2
155	1	1	3	0	28	749	0	1	0
155	1	2	1	0	28	749	0	1	0
155	1	3	2	0	28	749	0	1	0
155	2	2	1	0	28	749	0	1	1
155	2	3	2	0	28	749	0	1	1
155	2	1	3	0	28	749	0	1	1
155	3	2	1	0	28	749	0	1	2
155	3	3	2	0	28	749	0	1	2
155	3	1	3	0	28	749	0	1	2
156	1	1	3	0	28	749	0	1	0
156	1	2	1	0	28	749	0	1	0
156	1	3	2	0	28	749	0	1	0
156	2	2	1	0	28	749	0	1	1
156	2	3	2	0	28	749	0	1	1
156	2	1	3	0	28	749	0	1	1
156	3	2	1	0	28	749	0	1	2
156	3	3	2	0	28	749	0	1	2
156	3	1	3	0	28	749	0	1	2
157	1	1	3	0	28	749	0	1	0
157	1	2	1	0	28	749	0	1	0
157	1	3	2	0	28	749	0	1	0
157	2	2	1	0	28	749	0	1	1
157	2	3	2	0	28	749	0	1	1
157	2	1	3	0	28	749	0	1	1
157	3	2	1	0	28	749	0	1	2
157	3	3	2	0	28	749	0	1	2
157	3	1	3	0	28	749	0	1	2
158	1	1	3	0	28	749	0	1	0
158	1	2	1	0	28	749	0	1	0
158	1	3	2	0	28	749	0	1	0
158	2	2	1	0	28	749	0	1	1
158	2	3	2	0	28	749	0	1	1
158	2	1	3	0	28	749	0	1	1
158	3	2	1	0	28	749	0	1	2
158	3	3	2	0	28	749	0	1	2
158	3	1	3	0	28	749	0	1	2
159	1	1	3	0	28	749	0	1	0
159	1	2	1	0	28	749	0	1	0
159	1	3	2	0	28	749	0	1	0
159	2	2	1	0	28	749	0	1	1
159	2	3	2	0	28	749	0	1	1
159	2	1	3	0	28	749	0	1	1
159	3	2	1	0	28	749	0	1	2
159	3	3	2	0	28	749	0	1	2
159	3	1	3	0	28	749	0	1	2
160	1	1	3	0	28	749	0	1	0
160	1	2	1	0	28	749	0	1	0
160	1	3	2	0	28	749	0	1	0
160	2	2	1	0	28	749	0	1	1
160	2	3	2	0	28	749	0	1	1
160	2	1	3	0	28	749	0	1	1
160	3	2	1	0	28	749	0	1	2
160	3	3	2	0	28	749	0	1	2
160	3	1	3	0	28	749	0	1	2
161	1	1	3	0	28	749	0	1	0
161	1	2	1	0	28	749	0	1	0
161	1	3	2	0	28	749	0	1	0
161	2	2	1	0	28	749	0	1	1
161	2	3	2	0	28	749	0	1	1
161	2	1	3	0	28	749	0	1	1
161	3	2	1	0	28	749	0	1	2
161	3	3	2	0	28	749	0	1	2
161	3	1	3	0	28	749	0	1	2
162	1	1	3	0	28	749	0	1	0
162	1	2	1	0	28	749	0	1	0
162	1	3	2	0	28	749	0	1	0
162	2	2	1	0	28	749	0	1	1
162	2	3	2	0	28	749	0	1	1
162	2	1	3	0	28	749	0	1	1
162	3	2	1	0	28	749	0	1	2
162	3	3	2	0	28	749	0	1	2
162	3	1	3	0	28	749	0	1	2
163	1	1	3	0	28	749	0	1	0
163	1	2	1	0	28	749	0	1	0
163	1	3	2	0	28	749	0	1	0
163	2	2	1	0	28	749	0	1	1
163	2	3	2	0	28	749	0	1	1
163	2	1	3	0	28	749	0	1	1
163	3	2	1	0	28	749	0	1	2
163	3	3	2	0	28	749	0	1	2
163	3	1	3	0	28	749	0	1	2
164	1	1	3	0	28	749	0	1	0
164	1	2	1	0	28	749	0	1	0
164	1	3	2	0	28	749	0	1	0
164	2	2	1	0	28	749	0	1	1
164	2	3	2	0	28	749	0	1	1
164	2	1	3	0	28	749	0	1	1
164	3	2	1	0	28	749	0	1	2
164	3	3	2	0	28	749	0	1	2
164	3	1	3	0	28	749	0	1	2
165	1	1	3	0	28	749	0	1	0
165	1	2	1	0	28	749	0	1	0
165	1	3	2	0	28	749	0	1	0
165	2	2	1	0	28	749	0	1	1
165	2	3	2	0	28	749	0	1	1
165	2	1	3	0	28	749	0	1	1
165	3	2	1	0	28	749	0	1	2
165	3	3	2	0	28	749	0	1	2
165	3	1	3	0	28	749	0	1	2
166	1	1	3	0	28	749	0	1	0
166	1	2	1	0	28	749	0	1	0
166	1	3	2	0	28	749	0	1	0
166	2	2	1	0	28	749	0	1	1
166	2	3	2	0	28	749	0	1	1
166	2	1	3	0	28	749	0	1	1
166	3	2	1	0	28	749	0	1	2
166	3	3	2	0	28	749	0	1	2
166	3	1	3	0	28	749	0	1	2
167	1	1	3	0	28	749	0	1	0
167	1	2	1	0	28	749	0	1	0
167	1	3	2	0	28	749	0	1	0
167	2	2	1	0	28	749	0	1	1
167	2	3	2	0	28	749	0	1	1
167	2	1	3	0	28	749	0	1	1
167	3	2	1	0	28	749	0	1	2
167	3	3	2	0	28	749	0	1	2
167	3	1	3	0	28	749	0	1	2
168	1	1	3	0	28	749	0	1	0
168	1	2	1	0	28	749	0	1	0
168	1	3	2	0	28	749	0	1	0
168	2	2	1	0	28	749	0	1	1
168	2	3	2	0	28	749	0	1	1
168	2	1	3	0	28	749	0	1	1
168	3	2	1	0	28	749	0	1	2
168	3	3	2	0	28	749	0	1	2
168	3	1	3	0	28	749	0	1	2
169	1	1	3	0	28	749	0	1	0
169	1	2	1	0	28	749	0	1	0
169	1	3	2	0	28	749	0	1	0
169	2	2	1	0	28	749	0	1	1
169	2	3	2	0	28	749	0	1	1
169	2	1	3	0	28	749	0	1	1
169	3	2	1	0	28	749	0	1	2
169	3	3	2	0	28	749	0	1	2
169	3	1	3	0	28	749	0	1	2
170	1	1	3	0	28	749	0	1	0
170	1	2	1	0	28	749	0	1	0
170	1	3	2	0	28	749	0	1	0
170	2	2	1	0	28	749	0	1	1
170	2	3	2	0	28	749	0	1	1
170	2	1	3	0	28	749	0	1	1
170	3	2	1	0	28	749	0	1	2
170	3	3	2	0	28	749	0	1	2
170	3	1	3	0	28	749	0	1	2
171	1	1	3	0	28	749	0	1	0
171	1	2	1	0	28	749	0	1	0
171	1	3	2	0	28	749	0	1	0
171	2	2	1	0	28	749	0	1	1
171	2	3	2	0	28	749	0	1	1
171	2	1	3	0	28	749	0	1	1
171	3	2	1	0	28	749	0	1	2
171	3	3	2	0	28	749	0	1	2
171	3	1	3	0	28	749	0	1	2
172	1	1	3	0	28	749	0	1	0
172	1	2	1	0	28	749	0	1	0
172	1	3	2	0	28	749	0	1	0
172	2	2	1	0	28	749	0	1	1
172	2	3	2	0	28	749	0	1	1
172	2	1	3	0	28	749	0	1	1
172	3	2	1	0	28	749	0	1	2
172	3	3	2	0	28	749	0	1	2
172	3	1	3	0	28	749	0	1	2
173	1	1	3	0	28	749	0	1	0
173	1	2	1	0	28	749	0	1	0
173	1	3	2	0	28	749	0	1	0
173	2	2	1	0	28	749	0	1	1
173	2	3	2	0	28	749	0	1	1
173	2	1	3	0	28	749	0	1	1
173	3	2	1	0	28	749	0	1	2
173	3	3	2	0	28	749	0	1	2
173	3	1	3	0	28	749	0	1	2
174	1	1	3	0	28	749	0	1	0
174	1	2	1	0	28	749	0	1	0
174	1	3	2	0	28	749	0	1	0
174	2	2	1	0	28	749	0	1	1
174	2	3	2	0	28	749	0	1	1
174	2	1	3	0	28	749	0	1	1
174	3	2	1	0	28	749	0	1	2
174	3	3	2	0	28	749	0	1	2
174	3	1	3	0	28	749	0	1	2
175	1	1	3	0	28	749	0	1	0
175	1	2	1	0	28	749	0	1	0
175	1	3	2	0	28	749	0	1	0
175	2	2	1	0	28	749	0	1	1
175	2	3	2	0	28	749	0	1	1
175	2	1	3	0	28	749	0	1	1
175	3	2	1	0	28	749	0	1	2
175	3	3	2	0	28	749	0	1	2
175	3	1	3	0	28	749	0	1	2
176	1	1	3	0	28	749	0	1	0
176	1	2	1	0	28	749	0	1	0
176	1	3	2	0	28	749	0	1	0
176	2	2	1	0	28	749	0	1	1
176	2	3	2	0	28	749	0	1	1
176	2	1	3	0	28	749	0	1	1
176	3	2	1	0	28	749	0	1	2
176	3	3	2	0	28	749	0	1	2
176	3	1	3	0	28	749	0	1	2
177	1	1	3	0	28	749	0	1	0
177	1	2	1	0	28	749	0	1	0
177	1	3	2	0	28	749	0	1	0
177	2	2	1	0	28	749	0	1	1
177	2	3	2	0	28	749	0	1	1
177	2	1	3	0	28	749	0	1	1
177	3	2	1	0	28	749	0	1	2
177	3	3	2	0	28	749	0	1	2
177	3	1	3	0	28	749	0	1	2
178	1	1	3	0	28	749	0	1	0
178	1	2	1	0	28	749	0	1	0
178	1	3	2	0	28	749	0	1	0
178	2	2	1	0	28	749	0	1	1
178	2	3	2	0	28	749	0	1	1
178	2	1	3	0	28	749	0	1	1
178	3	2	1	0	28	749	0	1	2
178	3	3	2	0	28	749	0	1	2
178	3	1	3	0	28	749	0	1	2
179	1	1	3	0	28	749	0	1	0
179	1	2	1	0	28	749	0	1	0
179	1	3	2	0	28	749	0	1	0
179	2	2	1	0	28	749	0	1	1
179	2	3	2	0	28	749	0	1	1
179	2	1	3	0	28	749	0	1	1
179	3	2	1	0	28	749	0	1	2
179	3	3	2	0	28	749	0	1	2
179	3	1	3	0	28	749	0	1	2
180	1	1	3	0	28	749	0	1	0
180	1	2	1	0	28	749	0	1	0
180	1	3	2	0	28	749	0	1	0
180	2	2	1	0	28	749	0	1	1
180	2	3	2	0	28	749	0	1	1
180	2	1	3	0	28	749	0	1	1
180	3	2	1	0	28	749	0	1	2
180	3	3	2	0	28	749	0	1	2
180	3	1	3	0	28	749	0	1	2
181	1	1	3	0	28	749	0	1	0
181	1	2	1	0	28	749	0	1	0
181	1	3	2	0	28	749	0	1	0
181	2	2	1	0	28	749	0	1	1
181	2	3	2	0	28	749	0	1	1
181	2	1	3	0	28	749	0	1	1
181	3	2	1	0	28	749	0	1	2
181	3	3	2	0	28	749	0	1	2
181	3	1	3	0	28	749	0	1	2
182	1	1	3	0	28	749	0	1	0
182	1	2	1	0	28	749	0	1	0
182	1	3	2	0	28	749	0	1	0
182	2	2	1	0	28	749	0	1	1
182	2	3	2	0	28	749	0	1	1
182	2	1	3	0	28	749	0	1	1
182	3	2	1	0	28	749	0	1	2
182	3	3	2	0	28	749	0	1	2
182	3	1	3	0	28	749	0	1	2
183	1	1	3	0	28	749	0	1	0
183	1	2	1	0	28	749	0	1	0
183	1	3	2	0	28	749	0	1	0
183	2	2	1	0	28	749	0	1	1
183	2	3	2	0	28	749	0	1	1
183	2	1	3	0	28	749	0	1	1
183	3	2	1	0	28	749	0	1	2
183	3	3	2	0	28	749	0	1	2
183	3	1	3	0	28	749	0	1	2
184	1	1	3	0	28	749	0	1	0
184	1	2	1	0	28	749	0	1	0
184	1	3	2	0	28	749	0	1	0
184	2	2	1	0	28	749	0	1	1
184	2	3	2	0	28	749	0	1	1
184	2	1	3	0	28	749	0	1	1
184	3	2	1	0	28	749	0	1	2
184	3	3	2	0	28	749	0	1	2
184	3	1	3	0	28	749	0	1	2
185	1	1	3	0	28	749	0	1	0
185	1	2	1	0	28	749	0	1	0
185	1	3	2	0	28	749	0	1	0
185	2	2	1	0	28	749	0	1	1
185	2	3	2	0	28	749	0	1	1
185	2	1	3	0	28	749	0	1	1
185	3	2	1	0	28	749	0	1	2
185	3	3	2	0	28	749	0	1	2
185	3	1	3	0	28	749	0	1	2
186	1	1	3	0	28	749	0	1	0
186	1	2	1	0	28	749	0	1	0
186	1	3	2	0	28	749	0	1	0
186	2	2	1	0	28	749	0	1	1
186	2	3	2	0	28	749	0	1	1
186	2	1	3	0	28	749	0	1	1
186	3	2	1	0	28	749	0	1	2
186	3	3	2	0	28	749	0	1	2
186	3	1	3	0	28	749	0	1	2
187	1	1	3	0	28	749	0	1	0
187	1	2	1	0	28	749	0	1	0
187	1	3	2	0	28	749	0	1	0
187	2	2	1	0	28	749	0	1	1
187	2	3	2	0	28	749	0	1	1
187	2	1	3	0	28	749	0	1	1
187	3	2	1	0	28	749	0	1	2
187	3	3	2	0	28	749	0	1	2
187	3	1	3	0	28	749	0	1	2
188	1	1	3	0	28	749	0	1	0
188	1	2	1	0	28	749	0	1	0
188	1	3	2	0	28	749	0	1	0
188	2	2	1	0	28	749	0	1	1
188	2	3	2	0	28	749	0	1	1
188	2	1	3	0	28	749	0	1	1
188	3	2	1	0	28	749	0	1	2
188	3	3	2	0	28	749	0	1	2
188	3	1	3	0	28	749	0	1	2
189	1	1	3	0	28	749	0	1	0
189	1	2	1	0	28	749	0	1	0
189	1	3	2	0	28	749	0	1	0
189	2	2	1	0	28	749	0	1	1
189	2	3	2	0	28	749	0	1	1
189	2	1	3	0	28	749	0	1	1
189	3	2	1	0	28	749	0	1	2
189	3	3	2	0	28	749	0	1	2
189	3	1	3	0	28	749	0	1	2
190	1	1	3	0	28	749	0	1	0
190	1	2	1	0	28	749	0	1	0
190	1	3	2	0	28	749	0	1	0
190	2	2	1	0	28	749	0	1	1
190	2	3	2	0	28	749	0	1	1
190	2	1	3	0	28	749	0	1	1
190	3	2	1	0	28	749	0	1	2
190	3	3	2	0	28	749	0	1	2
190	3	1	3	0	28	749	0	1	2
191	1	1	3	0	28	749	0	1	0
191	1	2	1	0	28	749	0	1	0
191	1	3	2	0	28	749	0	1	0
191	2	2	1	0	28	749	0	1	1
191	2	3	2	0	28	749	0	1	1
191	2	1	3	0	28	749	0	1	1
191	3	2	1	0	28	749	0	1	2
191	3	3	2	0	28	749	0	1	2
191	3	1	3	0	28	749	0	1	2
192	1	1	3	0	28	749	0	1	0
192	1	2	1	0	28	749	0	1	0
192	1	3	2	0	28	749	0	1	0
192	2	2	1	0	28	749	0	1	1
192	2	3	2	0	28	749	0	1	1
192	2	1	3	0	28	749	0	1	1
192	3	2	1	0	28	749	0	1	2
192	3	3	2	0	28	749	0	1	2
192	3	1	3	0	28	749	0	1	2
193	1	1	3	0	28	749	0	1	0
193	1	2	1	0	28	749	0	1	0
193	1	3	2	0	28	749	0	1	0
193	2	2	1	0	28	749	0	1	1
193	2	3	2	0	28	749	0	1	1
193	2	1	3	0	28	749	0	1	1
193	3	2	1	0	28	749	0	1	2
193	3	3	2	0	28	749	0	1	2
193	3	1	3	0	28	749	0	1	2
194	1	1	3	0	28	749	0	1	0
194	1	2	1	0	28	749	0	1	0
194	1	3	2	0	28	749	0	1	0
194	2	2	1	0	28	749	0	1	1
194	2	3	2	0	28	749	0	1	1
194	2	1	3	0	28	749	0	1	1
194	3	2	1	0	28	749	0	1	2
194	3	3	2	0	28	749	0	1	2
194	3	1	3	0	28	749	0	1	2
195	1	1	3	0	28	749	0	1	0
195	1	2	1	0	28	749	0	1	0
195	1	3	2	0	28	749	0	1	0
195	2	2	1	0	28	749	0	1	1
195	2	3	2	0	28	749	0	1	1
195	2	1	3	0	28	749	0	1	1
195	3	2	1	0	28	749	0	1	2
195	3	3	2	0	28	749	0	1	2
195	3	1	3	0	28	749	0	1	2
196	1	1	3	0	28	749	0	1	0
196	1	2	1	0	28	749	0	1	0
196	1	3	2	0	28	749	0	1	0
196	2	2	1	0	28	749	0	1	1
196	2	3	2	0	28	749	0	1	1
196	2	1	3	0	28	749	0	1	1
196	3	2	1	0	28	749	0	1	2
196	3	3	2	0	28	749	0	1	2
196	3	1	3	0	28	749	0	1	2
197	1	1	3	0	28	749	0	1	0
197	1	2	1	0	28	749	0	1	0
197	1	3	2	0	28	749	0	1	0
197	2	2	1	0	28	749	0	1	1
197	2	3	2	0	28	749	0	1	1
197	2	1	3	0	28	749	0	1	1
197	3	2	1	0	28	749	0	1	2
197	3	3	2	0	28	749	0	1	2
197	3	1	3	0	28	749	0	1	2
198	1	1	3	0	28	749	0	1	0
198	1	2	1	0	28	749	0	1	0
198	1	3	2	0	28	749	0	1	0
198	2	2	1	0	28	749	0	1	1
198	2	3	2	0	28	749	0	1	1
198	2	1	3	0	28	749	0	1	1
198	3	2	1	0	28	749	0	1	2
198	3	3	2	0	28	749	0	1	2
198	3	1	3	0	28	749	0	1	2
199	1	1	3	0	28	749	0	1	0
199	1	2	1	0	28	749	0	1	0
199	1	3	2	0	28	749	0	1	0
199	2	2	1	0	28	749	0	1	1
